walk,168,97,976,1503,-16
walk,168,97,1008,1591,0
walk,168,97,1063,1679,0
walk,168,97,1259,1713,-4
walk,168,97,1423,1742,-6
walk,168,97,1684,1746,-6
walk,169,97,17,1749,-4
walk,169,97,210,1757,-4
walk,169,97,443,1756,-3
walk,169,97,646,1748,-3
walk,169,97,940,1769,-5
walk,169,97,1206,1788,-3
walk,169,97,1396,1807,0
walk,169,97,1749,1811,0
walk,170,97,52,1818,-4
walk,170,97,255,1874,-6
walk,170,97,528,1903,-17
walk,170,97,763,1858,-24
walk,170,97,987,1853,-28
walk,170,97,1208,1818,-18
walk,170,97,1464,1816,-20
walk,170,97,1712,1815,-20
walk,171,97,30,1814,-16
walk,171,97,436,1817,-15
walk,171,97,723,1829,-16
walk,171,97,1027,1853,-10
walk,171,97,1245,1861,1
walk,171,97,1541,1865,12
walk,171,97,1775,1876,31
walk,171,97,1905,1892,42
walk,172,98,190,274,109
walk,172,98,366,520,190
walk,172,98,418,725,208
walk,172,98,512,933,213
walk,172,98,562,1143,219
walk,172,98,638,1418,181
walk,172,98,712,1709,106
walk,172,99,931,186,23
walk,172,99,940,511,28
walk,172,99,940,751,49
walk,172,99,950,1081,52
walk,172,99,960,1414,55
walk,172,99,974,1784,50
walk,172,100,986,215,50
walk,172,100,945,569,49
walk,172,100,923,892,49
walk,172,100,917,1196,49
walk,172,100,898,1566,50
walk,172,100,896,1882,50
walk,172,101,917,137,50
walk,172,101,922,390,50
walk,172,101,911,653,50
walk,172,101,942,923,50
walk,172,101,933,1094,50
walk,172,101,955,1539,68
walk,172,101,955,1696,89
walk,172,101,954,1884,74
walk,172,101,957,2041,52
walk,172,102,947,285,1
walk,172,102,967,604,1
walk,172,102,947,860,2
walk,172,102,947,954,38
walk,172,102,951,1116,69
walk,172,102,955,1276,99
walk,172,102,960,1525,111
walk,172,102,973,1737,134
walk,172,102,964,1845,150
wait,5000
walk,7,128,-31|65535,-2996|65535,-76|65535
walk,7,128,-215|65535,-2366|65535,-77|65535
walk,7,128,-283|65535,-2186|65535,-77|65535
walk,7,128,-352|65535,-1988|65535,-77|65535
walk,7,128,-456|65535,-1674|65535,-77|65535
walk,7,128,-512|65535,-1440|65535,-76|65535
walk,7,128,-547|65535,-1168|65535,-76|65535
walk,7,128,-588|65535,-1009|65535,-76|65535
walk,7,128,-685|65535,-751|65535,-76|65535
walk,7,128,-687|65535,-537|65535,-76|65535
walk,7,128,-658|65535,269|0,-76|65535
walk,7,128,-660|65535,417|0,-76|65535
walk,7,128,-630|65535,720|0,-76|65535
walk,7,128,-518|65535,1060|0,-76|65535
walk,7,128,-371|65535,1317|0,-76|65535
walk,7,128,-81|65535,1645|0,-76|65535
walk,7,128,-39|65535,1848|0,-76|65535
walk,7,128,-24|65535,2008|0,-76|65535
walk,7,128,-7|65535,2085|0,-76|65535