walk,168,97,989,1467,-26
walk,168,97,1018,1662,0
walk,168,97,985,1474,-18
walk,168,97,1018,1660,0
walk,168,97,1412,1733,-6
walk,169,97,4,1748,-4
walk,169,97,560,1767,-5
walk,169,97,1079,1790,-5
walk,169,97,1497,1812,0
walk,169,97,1773,1815,0
walk,169,97,1820,1649,0
walk,170,97,31,1528,7
walk,170,97,278,1505,1
walk,170,97,581,1576,3
walk,170,97,1106,1691,-2
walk,170,97,1705,1821,-20
walk,171,97,324,1893,-30
walk,171,97,721,1901,-27
walk,171,97,1158,1880,-6
walk,171,97,1730,1880,28
walk,172,97,438,1890,67
walk,172,98,802,67,116
walk,172,98,910,261,142
walk,172,98,955,702,185
walk,172,98,960,1038,183
walk,172,98,973,1688,67
walk,172,99,979,244,22
walk,172,99,958,588,36
walk,172,99,932,951,51
walk,172,99,924,1392,55
walk,172,99,926,1886,50
walk,172,100,924,461,49
walk,172,100,922,936,49
walk,172,100,920,1407,49
walk,172,100,917,1789,50
walk,172,101,918,356,50
walk,172,101,919,841,50
walk,172,101,947,1340,50
walk,172,101,941,1222,50
walk,172,101,950,1532,66
walk,172,101,948,1785,87
walk,172,102,954,379,1
walk,172,102,953,894,22
walk,172,102,956,1139,81
walk,172,102,957,1417,101
walk,172,102,960,1656,111
walk,172,102,960,1769,150
walk,172,102,961,1843,150
wait,5000
walk,7,128,-1|65535,-3248|65535,12|0
walk,7,128,0|0,-2957|65535,-76|65535
walk,7,128,90|0,-2661|65535,-77|65535
walk,7,128,186|0,-2309|65535,-77|65535
walk,7,128,273|0,-1976|65535,-77|65535
walk,7,128,377|0,-1582|65535,-77|65535
walk,7,128,456|0,-1167|65535,-77|65535
walk,7,128,534|0,-754|65535,-76|65535
walk,7,128,566|0,-303|65535,-76|65535
walk,7,128,602|0,152|0,-76|65535
walk,7,128,615|0,521|0,-76|65535
walk,7,128,633|0,933|0,-76|65535
walk,7,128,642|0,1295|0,-76|65535
walk,7,128,652|0,1665|0,-76|65535
walk,7,128,626|0,1971|0,-76|65535
walk,7,128,600|0,2277|0,-76|65535
walk,7,128,634|0,2594|0,-76|65535
walk,7,128,645|0,2883|0,-76|65535
walk,7,128,854|0,3006|0,-73|65535
walk,7,128,980|0,3052|0,-24|65535
walk,7,128,1128|0,3094|0,0|0
walk,7,128,1435|0,3145|0,0|0
walk,7,128,1544|0,3184|0,0|0
walk,7,128,1826|0,3169|0,0|0 