walk,153,102,937,1601,-106
walk,153,102,590,1757,-106
walk,153,102,175,1867,-106
walk,152,102,1882,1864,-104
walk,152,102,1519,1860,-102
walk,152,102,1280,1792,-97
walk,152,102,988,1772,-94
walk,152,102,633,1757,-99
walk,152,102,351,1726,-102
walk,151,102,1912,1709,-123
walk,151,102,1586,1711,-123
walk,151,102,1147,1709,-118
walk,151,102,721,1743,-99
walk,151,102,285,1880,-120
walk,150,102,1854,1852,-113
walk,150,102,1479,1844,-97
walk,150,103,1143,71,-57
walk,150,103,913,263,-18
walk,150,103,700,467,0
walk,150,103,552,667,5
walk,150,103,306,995,-12
walk,150,103,130,1239,-11
walk,149,103,1639,1782,-40
walk,149,104,1487,140,-24
walk,149,104,1369,329,-22
walk,149,104,1246,506,-18
walk,149,104,1019,795,-7
walk,149,104,757,1109,12
walk,149,104,528,1315,55
walk,149,104,342,1513,95
walk,149,104,113,1713,140
walk,148,105,1771,103,220
walk,148,105,1407,536,318
walk,148,105,1305,768,384
walk,148,105,1065,1134,446
walk,148,105,833,1303,453
walk,148,105,518,1435,454
walk,148,105,121,1698,452
walk,147,105,1803,1853,452
walk,147,105,1692,1921,474
walk,147,106,1625,44,474
wait,5000
walk,1,128,986|0,-700|65535,0|0
walk,1,128,991|0,-526|65535,0|0
walk,1,128,978|0,-358|65535,0|0
walk,1,128,874|0,-337|65535,0|0
walk,1,128,647|0,-341|65535,0|0
walk,1,128,614|0,-260|65535,0|0
walk,1,128,609|0,-7|65535,0|0
walk,1,128,507|0,120|0,-9|65535
walk,1,128,314|0,199|0,0|0
walk,1,128,169|0,186|0,0|0
walk,1,128,151|0,39|0,0|0
walk,1,128,94|0,2|0,0|0
walk,1,128,-17|65535,-1|65535,0|0
walk,1,128,-263|65535,146|0,-10|65535
walk,1,128,-523|65535,296|0,-10|65535
walk,1,128,-751|65535,382|0,0|0
walk,1,128,-839|65535,473|0,0|0
walk,1,128,-857|65535,510|0,0|0
walk,1,128,-839|65535,601|0,0|0
walk,1,128,-731|65535,694|0,7|0
walk,1,128,-600|65535,769|0,23|0
walk,1,128,-481|65535,769|0,36|0
walk,1,128,-392|65535,705|0,44|0
walk,1,128,-235|65535,629|0,63|0
walk,1,128,-85|65535,610|0,79|0
walk,1,128,0|0,654|0,90|0
walk,1,128,146|0,750|0,104|0
walk,1,128,270|0,775|0,118|0
walk,1,128,357|0,755|0,131|0
walk,1,128,427|0,674|0,139|0
walk,1,128,520|0,492|0,140|0
walk,1,128,541|0,383|0,140|0
walk,1,128,493|0,190|0,140|0
walk,1,128,590|0,6|0,140|0
walk,1,128,623|0,-123|65535,139|0
walk,1,128,627|0,-305|65535,139|0
walk,1,128,677|0,-337|65535,139|0
walk,1,128,1009|0,-332|65535,139|0
walk,1,128,1255|0,-333|65535,139|0
walk,1,128,1288|0,-319|65535,139|0
walk,1,128,1297|0,-124|65535,139|0
walk,1,128,1302|0,-5|65535,140|0
walk,1,128,1181|0,176|0,140|0
walk,1,128,1194|0,430|0,140|0
walk,1,128,1187|0,624|0,140|0
walk,1,128,1315|0,694|0,154|0
walk,1,128,1479|0,765|0,171|0
walk,1,128,1634|0,677|0,185|0
walk,1,128,1775|0,622|0,205|0
walk,1,128,1976|0,628|0,230|0
walk,1,128,2101|0,713|0,246|0
walk,1,128,2264|0,742|0,259|0
walk,1,128,2353|0,707|0,267|0
walk,1,128,2396|0,631|0,277|0
walk,1,128,2422|0,497|0,280|0
walk,1,128,2434|0,378|0,280|0
walk,1,128,2309|0,196|0,284|0
walk,1,128,2130|0,35|0,280|0
walk,1,128,1961|0,1|0,280|0
walk,1,128,1746|0,-2|65535,280|0
walk,1,128,1754|0,165|0,280|0
walk,1,128,1711|0,195|0,280|0
walk,1,128,1540|0,203|0,283|0
walk,1,128,1415|0,99|0,284|0
walk,1,128,1296|0,64|0,284|0
walk,1,128,1268|0,58|0,284|0
