walk,153,102,862,1471,-106
walk,153,102,734,1656,-106
walk,153,102,479,1806,-106
walk,153,102,249,1880,-106
walk,152,102,1899,1882,-104
walk,152,102,1679,1877,-104
walk,152,102,1470,1869,-101
walk,152,102,1184,1858,-97
walk,152,102,907,1858,-94
walk,152,102,588,1865,-102
walk,152,102,303,1866,-108
walk,152,102,121,1776,-111
walk,151,102,1838,1705,-123
walk,151,102,1568,1692,-123
walk,151,102,1297,1690,-121
walk,151,102,1034,1706,-109
walk,151,102,712,1780,-104
walk,151,102,347,1853,-113
walk,150,102,1913,1871,-115
walk,150,102,1472,1850,-95
walk,150,103,1196,12,-65
walk,150,103,959,165,-41
walk,150,103,736,385,-9
walk,150,103,539,660,3
walk,150,103,335,980,-10
walk,150,103,175,1208,-10
walk,149,103,1879,1506,-16
walk,149,103,1598,1897,-36
walk,149,104,1439,226,-24
walk,149,104,1253,503,-19
walk,149,104,1047,806,-12
walk,149,104,840,1056,4
walk,149,104,568,1331,50
walk,149,104,307,1582,105
walk,149,104,31,1842,171
walk,148,105,1727,173,238
walk,148,105,1457,471,299
walk,148,105,1257,704,373
walk,148,105,1087,1051,439
walk,148,105,859,1280,447
walk,148,105,561,1451,460
walk,148,105,200,1676,452
walk,147,105,1795,1859,452
walk,147,105,1686,1915,474
walk,147,105,1605,1979,474
wait,5000
walk,1,128,990|0,-763|65535,0|0
walk,1,128,986|0,-558|65535,0|0
walk,1,128,986|0,-368|65535,0|0
walk,1,128,841|0,-333|65535,0|0
walk,1,128,638|0,-331|65535,0|0
walk,1,128,613|0,-99|65535,0|0
walk,1,128,559|0,82|0,-9|65535
walk,1,128,316|0,196|0,0|0
walk,1,128,171|0,193|0,0|0
walk,1,128,155|0,41|0,0|0
walk,1,128,98|0,-1|65535,0|0
walk,1,128,-28|65535,5|0,0|0
walk,1,128,-219|65535,87|0,-10|65535
walk,1,128,-374|65535,179|0,-10|65535
walk,1,128,-580|65535,314|0,-9|65535
walk,1,128,-834|65535,452|0,0|0
walk,1,128,-856|65535,511|0,0|0
//1F to 2F
walk,1,128,-828|65535,604|0,0|0
walk,1,128,-692|65535,720|0,10|0
walk,1,128,-513|65535,779|0,33|0
walk,1,128,-265|65535,643|0,59|0
walk,1,128,-95|65535,619|0,78|0
walk,1,128,92|0,705|0,99|0
walk,1,128,271|0,776|0,118|0
walk,1,128,398|0,740|0,135|0
walk,1,128,475|0,601|0,140|0
walk,1,128,517|0,466|0,140|0
//2F
walk,1,128,482|0,343|0,143|0
walk,1,128,443|0,196|0,140|0
walk,1,128,312|0,195|0,139|0
walk,1,128,186|0,193|0,139|0
walk,1,128,171|0,21|0,139|0
walk,1,128,43|0,3|0,139|0
walk,1,128,-90|65535,1|0,140|0

