walk,168,97,989,1467,-26
walk,168,97,1018,1662,0
walk,168,97,985,1474,-18
walk,168,97,1018,1660,0
walk,168,97,1412,1733,-6
walk,169,97,4,1748,-4
walk,169,97,560,1767,-5
walk,169,97,1079,1790,-5
walk,169,97,1497,1812,0
walk,169,97,1773,1815,0
walk,169,97,1820,1649,0
walk,170,97,31,1528,7
walk,170,97,278,1505,1
walk,170,97,581,1576,3
walk,170,97,1106,1691,-2
walk,170,97,1705,1821,-20
walk,171,97,324,1893,-30
walk,171,97,721,1901,-27
walk,171,97,1158,1880,-6
walk,171,97,1730,1880,28
walk,172,97,438,1890,67
walk,172,98,802,67,116
walk,172,98,910,261,142
walk,172,98,955,702,185
walk,172,98,960,1038,183
walk,172,98,973,1688,67
walk,172,99,979,244,22
walk,172,99,958,588,36
walk,172,99,932,951,51
walk,172,99,924,1392,55
walk,172,99,926,1886,50
walk,172,100,924,461,49
walk,172,100,922,936,49
walk,172,100,920,1407,49
walk,172,100,917,1789,50
walk,172,101,918,356,50
walk,172,101,919,841,50
walk,172,101,947,1340,50
walk,172,101,941,1222,50
walk,172,101,950,1532,66
walk,172,101,948,1785,87
walk,172,102,954,379,1
walk,172,102,953,894,22
walk,172,102,956,1139,81
walk,172,102,957,1417,101
walk,172,102,960,1656,111
walk,172,102,960,1769,150
walk,172,102,961,1843,150
wait,5000
walk,7,128,-4|65535,-3046|65535,-76|65535
walk,7,128,-75|65535,-2740|65535,-77|65535
walk,7,128,-146|65535,-2436|65535,-77|65535
walk,7,128,-267|65535,-2010|65535,-77|65535
walk,7,128,-366|65535,-1660|65535,-77|65535
walk,7,128,-487|65535,-1233|65535,-76|65535
walk,7,128,-609|65535,-801|65535,-76|65535
walk,7,128,-635|65535,-306|65535,-76|65535
walk,7,128,-650|65535,288|0,-76|65535
walk,7,128,-649|65535,758|0,-76|65535
walk,7,128,-649|65535,1275|0,-76|65535
walk,7,128,-649|65535,1791|0,-76|65535
walk,7,128,-461|65535,2076|0,-76|65535
walk,7,128,-586|65535,2238|0,-76|65535
walk,7,128,-799|65535,2351|0,-76|65535
walk,7,128,-983|65535,2374|0,-21|65535
walk,7,128,-1197|65535,2389|0,0|0
walk,7,128,-1541|65535,2441|0,0|0
walk,7,128,-1654|65535,2804|0,0|0
walk,7,128,-1653|65535,3201|0,0|0
walk,7,128,-1668|65535,3913|0,8|0
walk,7,128,-1668|65535,4200|0,93|0
walk,7,128,-1673|65535,4530|0,167|0
walk,7,128,-1671|65535,4943|0,210|0
walk,7,128,-1656|65535,5392|0,223|0
walk,7,128,-1644|65535,5377|0,223|0
walk,7,128,-1522|65535,5609|0,223|0
walk,7,128,-1542|65535,5922|0,223|0
walk,7,128,-1072|65535,5958|0,223|0
walk,7,128,-1042|65535,6035|0,223|0
walk,7,128,-1023|65535,6131|0,223|0 