walk,168,97,989,1425,-32
walk,168,97,1019,1693,0
walk,168,97,1243,1744,-6
walk,168,97,1510,1755,-6
walk,168,97,1794,1752,-6
walk,169,97,38,1744,-4
walk,169,97,271,1753,-3
walk,169,97,544,1770,-5
walk,169,97,791,1771,-4
walk,169,97,1234,1799,-3
walk,169,97,1503,1809,0
walk,169,97,1753,1814,0
walk,170,97,93,1819,-5
walk,170,97,405,1851,-8
walk,170,97,693,1831,-21
walk,170,97,1085,1823,-21
walk,170,97,1399,1845,-21
walk,170,97,1672,1852,-19
walk,171,97,35,1883,-22
walk,171,97,432,1913,-26
walk,171,97,730,1915,-25
walk,171,97,989,1908,-10
walk,171,97,1261,1893,3
walk,171,97,1461,1904,10
walk,171,97,1664,1908,24
walk,171,97,1829,1912,39
walk,172,97,219,1918,58
walk,172,98,454,326,142
walk,172,98,596,528,194
walk,172,98,691,706,213
walk,172,98,839,898,203
walk,172,98,941,1243,155
walk,172,98,974,1706,65
walk,172,99,990,87,28
walk,172,99,986,279,21
walk,172,99,978,453,25
walk,172,99,958,794,50
walk,172,99,936,1196,53
walk,172,99,934,1465,55
walk,172,99,947,1894,50
walk,172,100,950,413,49
walk,172,100,959,743,49
walk,172,100,965,1042,49
walk,172,100,981,1479,50
walk,172,101,966,23,50
walk,172,101,971,442,50
walk,172,101,965,689,50
walk,172,101,960,1107,50
walk,172,101,959,1412,50
walk,172,101,950,1689,88
walk,172,101,952,2027,52
walk,172,102,954,389,1
walk,172,102,952,714,1
walk,172,102,952,972,38
walk,172,102,949,1151,88
walk,172,102,946,1415,101
walk,172,102,946,1627,111
walk,172,102,960,1764,150
walk,172,102,963,1847,150
wait,5000
walk,7,128,141|0,-2959|65535,-76|65535
walk,7,128,247|0,-2633|65535,-77|65535
walk,7,128,388|0,-2245|65535,-77|65535
walk,7,128,495|0,-1900|65535,-76|65535
walk,7,128,582|0,-1605|65535,-76|65535
walk,7,128,666|0,-1323|65535,-76|65535
walk,7,128,735|0,-1025|65535,-76|65535
walk,7,128,790|0,-786|65535,-76|65535
walk,7,128,938|0,-607|65535,-41|65535
walk,7,128,1111|0,-396|65535,0|0
walk,7,128,1471|0,12|0,0|0
walk,7,128,1540|0,357|0,0|0
walk,7,128,1564|0,772|0,0|0
walk,7,128,1565|0,1019|0,0|0
walk,7,128,1579|0,1408|0,0|0
walk,7,128,1590|0,1698|0,0|0
walk,7,128,1605|0,2102|0,0|0
walk,7,128,1620|0,2505|0,0|0
walk,7,128,1635|0,2908|0,0|0
walk,7,128,1650|0,3311|0,0|0
walk,7,128,1678|0,3770|0,0|0
walk,7,128,1660|0,4113|0,69|0
walk,7,128,1640|0,4385|0,143|0
walk,7,128,1646|0,4858|0,204|0
walk,7,128,1622|0,5170|0,223|0
walk,7,128,1521|0,5292|0,223|0
walk,7,128,1446|0,5493|0,223|0
walk,7,128,1387|0,5696|0,223|0
walk,7,128,1358|0,5897|0,223|0
walk,7,128,1115|0,6007|0,223|0
walk,7,128,811|0,6021|0,223|0
walk,7,128,661|0,6115|0,223|0
walk,7,128,387|0,6188|0,223|0
walk,7,128,335|0,6241|0,223|0
