walk,6,128,-13302|65535,5592|0,0|0
walk,6,128,-12818|65535,5585|0,0|0
walk,6,128,-12640|65535,5595|0,0|0
walk,6,128,-12290|65535,5591|0,-47|65535
walk,6,128,-11967|65535,5591|0,-47|65535
walk,6,128,-11677|65535,5587|0,-47|65535
walk,6,128,-11390|65535,5586|0,0|0
walk,6,128,-10896|65535,5590|0,0|0
walk,6,128,-10558|65535,5599|0,0|0
walk,6,128,-10407|65535,5595|0,0|0
walk,6,128,-10352|65535,5598|0,0|0
wait,5000
walk,6,128,-8028|65535,5748|0,0|0
walk,6,128,-7703|65535,5984|0,0|0
walk,6,128,-7389|65535,6213|0,0|0
walk,6,128,-7147|65535,6407|0,0|0
walk,6,128,-6823|65535,6689|0,0|0
walk,6,128,-6613|65535,6923|0,0|0
walk,6,128,-6422|65535,7265|0,0|0
walk,6,128,-6302|65535,7485|0,0|0
walk,6,128,-6163|65535,7630|0,0|0
walk,6,128,-6020|65535,7823|0,0|0
walk,6,128,-5991|65535,7906|0,0|0
wait,5000
walk,6,128,12119|0,7082|0,0|0
walk,6,128,12116|0,6701|0,0|0
walk,6,128,12122|0,6356|0,0|0
walk,6,128,12118|0,6168|0,0|0
walk,6,128,12123|0,5881|0,-47|65535
walk,6,128,12123|0,5574|0,-47|65535
walk,6,128,12119|0,5292|0,-47|65535
walk,6,128,12114|0,5056|0,-3|65535
walk,6,128,12113|0,4855|0,0|0
walk,6,128,12113|0,4496|0,0|0
walk,6,128,12118|0,4127|0,0|0
walk,6,128,12125|0,3965|0,0|0
walk,6,128,12124|0,3913|0,0|0
wait,5000
walk,6,128,12148|0,1433|0,0|0
walk,6,128,11950|0,1256|0,0|0
walk,6,128,11765|0,1093|0,0|0
walk,6,128,11544|0,866|0,0|0
walk,6,128,11302|0,613|0,0|0
walk,6,128,11034|0,379|0,0|0
walk,6,128,10845|0,191|0,0|0
walk,6,128,10714|0,25|0,0|0
walk,6,128,10554|0,-6|65535,0|0
walk,6,128,10444|0,-16|65535,0|0
walk,6,128,10380|0,-22|65535,0|0
wait,5000
walk,6,128,7600|0,-24|65535,0|0
walk,6,128,7197|0,-28|65535,0|0
walk,6,128,6822|0,-27|65535,0|0
walk,6,128,6494|0,-22|65535,-47|65535
walk,6,128,6211|0,-25|65535,-47|65535
walk,6,128,5908|0,-23|65535,-47|65535
walk,6,128,5667|0,-22|65535,-2|65535
walk,6,128,5387|0,-21|65535,0|0
walk,6,128,4937|0,-20|65535,0|0
walk,6,128,4661|0,-23|65535,0|0
walk,6,128,4541|0,-21|65535,0|0
walk,6,128,4463|0,-21|65535,0|0
wait,5000
walk,6,128,2001|0,-8|65535,0|0
walk,6,128,1591|0,-14|65535,0|0
walk,6,128,1111|0,-14|65535,0|0
walk,6,128,695|0,-17|65535,0|0
walk,6,128,329|0,-25|65535,-47|65535
walk,6,128,-33|65535,-26|65535,-47|65535
walk,6,128,-339|65535,-13|65535,-47|65535
walk,6,128,-558|65535,-19|65535,0|0
walk,6,128,-865|65535,-21|65535,0|0
walk,6,128,-1206|65535,-20|65535,0|0
walk,6,128,-1583|65535,-22|65535,0|0
walk,6,128,-1933|65535,-23|65535,0|0
walk,6,128,-2237|65535,-27|65535,0|0
walk,6,128,-2321|65535,-28|65535,0|0
wait,5000
walk,6,128,-4643|65535,-16|65535,0|0
walk,6,128,-4963|65535,-4|65535,0|0
walk,6,128,-5344|65535,-8|65535,0|0
walk,6,128,-5509|65535,-23|65535,0|0
walk,6,128,-5863|65535,-30|65535,-47|65535
walk,6,128,-6171|65535,-29|65535,-47|65535
walk,6,128,-6469|65535,-40|65535,-47|65535
walk,6,128,-6644|65535,-37|65535,0|0
walk,6,128,-7090|65535,-23|65535,0|0
walk,6,128,-7482|65535,-17|65535,0|0
walk,6,128,-7697|65535,-20|65535,0|0
walk,6,128,-7804|65535,-21|65535,0|0
wait,5000
walk,6,128,-10651|65535,-27|65535,0|0
walk,6,128,-10819|65535,-218|65535,0|0
walk,6,128,-11003|65535,-424|65535,0|0
walk,6,128,-11216|65535,-635|65535,0|0
walk,6,128,-11440|65535,-866|65535,0|0
walk,6,128,-11642|65535,-1072|65535,0|0
walk,6,128,-11821|65535,-1260|65535,0|0
walk,6,128,-11991|65535,-1490|65535,0|0
walk,6,128,-12049|65535,-1620|65535,0|0
walk,6,128,-12071|65535,-1705|65535,0|0
wait,5000
walk,6,128,-12090|65535,-3885|65535,0|0
walk,6,128,-11914|65535,-4114|65535,0|0
walk,6,128,-11659|65535,-4422|65535,0|0
walk,6,128,-11429|65535,-4706|65535,0|0
walk,6,128,-11201|65535,-4946|65535,0|0
walk,6,128,-10930|65535,-5186|65535,0|0
walk,6,128,-10645|65535,-5442|65535,0|0
walk,6,128,-10432|65535,-5648|65535,0|0
walk,6,128,-10213|65535,-5761|65535,0|0
walk,6,128,-9973|65535,-5804|65535,0|0
walk,6,128,-9833|65535,-5817|65535,0|0
walk,6,128,-9754|65535,-5816|65535,0|0
wait,5000
walk,6,128,-7472|65535,-5798|65535,0|0
walk,6,128,-7071|65535,-5806|65535,0|0
walk,6,128,-6703|65535,-5807|65535,0|0
walk,6,128,-6453|65535,-5809|65535,-47|65535
walk,6,128,-6177|65535,-5819|65535,-47|65535
walk,6,128,-5925|65535,-5816|65535,-47|65535
walk,6,128,-5636|65535,-5820|65535,-47|65535
walk,6,128,-5404|65535,-5821|65535,0|0
walk,6,128,-5014|65535,-5823|65535,0|0
walk,6,128,-4671|65535,-5819|65535,0|0
walk,6,128,-4489|65535,-5813|65535,0|0
walk,6,128,-4340|65535,-5814|65535,0|0
wait,5000
walk,6,128,-1261|65535,-5821|65535,0|0
walk,6,128,-919|65535,-5823|65535,0|0
walk,6,128,-616|65535,-5823|65535,0|0
walk,6,128,-310|65535,-5823|65535,-47|65535
walk,6,128,0|0,-5819|65535,-47|65535
walk,6,128,314|0,-5814|65535,-47|65535
walk,6,128,572|0,-5816|65535,0|0
walk,6,128,886|0,-5819|65535,0|0
walk,6,128,1184|0,-5841|65535,0|0
walk,6,128,1515|0,-5872|65535,0|0
walk,6,128,1626|0,-5880|65535,0|0
walk,6,128,1691|0,-5882|65535,0|0
wait,5000
walk,6,128,4769|0,-5829|65535,0|0
walk,6,128,5138|0,-5816|65535,0|0
walk,6,128,5488|0,-5821|65535,0|0
walk,6,128,5633|0,-5819|65535,0|0
walk,6,128,5911|0,-5819|65535,-47|65535
walk,6,128,6236|0,-5814|65535,-47|65535
walk,6,128,6547|0,-5829|65535,-47|65535
walk,6,128,6767|0,-5829|65535,0|0
walk,6,128,7123|0,-5829|65535,0|0
walk,6,128,7473|0,-5823|65535,0|0
walk,6,128,7757|0,-5819|65535,0|0
walk,6,128,7884|0,-5814|65535,0|0
walk,6,128,7928|0,-5812|65535,0|0
wait,5000
walk,6,128,10070|0,-5856|65535,0|0
walk,6,128,10454|0,-5849|65535,0|0
walk,6,128,10802|0,-5848|65535,0|0
walk,6,128,11161|0,-5842|65535,0|0
walk,6,128,11464|0,-5845|65535,0|0
walk,6,128,11859|0,-5838|65535,-47|65535
walk,6,128,12144|0,-5840|65535,-47|65535
walk,6,128,12508|0,-5842|65535,-47|65535
walk,6,128,12752|0,-5839|65535,0|0
walk,6,128,13137|0,-5839|65535,0|0
walk,6,128,13482|0,-5835|65535,0|0
walk,6,128,13864|0,-5837|65535,0|0
walk,6,128,14151|0,-5827|65535,0|0
walk,6,128,14328|0,-5819|65535,0|0
walk,6,128,14442|0,-5817|65535,0|0
wait,5000
walk,6,128,16782|0,-5821|65535,0|0
walk,6,128,17185|0,-5815|65535,0|0
walk,6,128,17483|0,-5815|65535,0|0
walk,6,128,17809|0,-5816|65535,-47|65535
walk,6,128,18096|0,-5821|65535,-47|65535
walk,6,128,18433|0,-5825|65535,-47|65535
walk,6,128,18728|0,-5825|65535,0|0
walk,6,128,19065|0,-5824|65535,0|0
walk,6,128,19379|0,-5819|65535,0|0
walk,6,128,19684|0,-5817|65535,0|0
walk,6,128,19785|0,-5816|65535,0|0
walk,6,128,19827|0,-5815|65535,0|0
wait,5000