walk,5,128,-15|65535,36|0,42|0
walk,5,128,-291|65535,104|0,42|0
walk,5,128,-624|65535,176|0,14|0
walk,5,128,-898|65535,196|0,20|0
walk,5,128,-1241|65535,114|0,13|0
walk,5,128,-1745|65535,-70|65535,13|0
walk,5,128,-2171|65535,-220|65535,13|0
walk,5,128,-2702|65535,-349|65535,37|0
walk,5,128,-3224|65535,-373|65535,73|0
walk,5,128,-3773|65535,-523|65535,105|0
walk,5,128,-4172|65535,-630|65535,129|0
walk,5,128,-4432|65535,-714|65535,143|0
walk,5,128,-4765|65535,-806|65535,161|0
walk,5,128,-5150|65535,-874|65535,181|0
walk,5,128,-5448|65535,-904|65535,197|0
walk,5,128,-5775|65535,-811|65535,224|0
walk,5,128,-6103|65535,-546|65535,266|0
walk,5,128,-6329|65535,-299|65535,295|0
walk,5,128,-6473|65535,23|0,323|0
walk,5,128,-6512|65535,398|0,350|0
walk,5,128,-6241|65535,702|0,376|0
walk,5,128,-5901|65535,864|0,389|0
walk,5,128,-5504|65535,971|0,391|0
walk,5,128,-5045|65535,1060|0,384|0
walk,5,128,-4634|65535,1130|0,372|0
walk,5,128,-4395|65535,1267|0,379|0
walk,5,128,-4231|65535,1460|0,404|0
walk,5,128,-4230|65535,1769|0,469|0
walk,5,128,-4292|65535,2189|0,569|0
walk,5,128,-4357|65535,2511|0,654|0
walk,5,128,-4429|65535,2761|0,691|0
walk,5,128,-4588|65535,3100|0,690|0
walk,5,128,-4763|65535,3422|0,690|0
walk,5,128,-5006|65535,3867|0,696|0
walk,5,128,-5203|65535,4204|0,690|0
walk,5,128,-5480|65535,4635|0,690|0
walk,5,128,-5618|65535,4853|0,690|0
walk,5,128,-5794|65535,5083|0,719|0
walk,5,128,-5994|65535,5326|0,692|0
walk,5,128,-6006|65535,5557|0,690|0
walk,5,128,-5975|65535,5854|0,690|0
walk,5,128,-5995|65535,6018|0,690|0
walk,5,128,-6179|65535,6363|0,687|0
walk,5,128,-6268|65535,6610|0,690|0
walk,5,128,-6411|65535,6917|0,690|0
walk,5,128,-6526|65535,7178|0,670|0
walk,5,128,-6544|65535,7443|0,690|0
walk,5,128,-6504|65535,7813|0,690|0
walk,5,128,-6409|65535,8172|0,690|0
walk,5,128,-6288|65535,8509|0,690|0
walk,5,128,-6155|65535,8861|0,690|0
walk,5,128,-6026|65535,9168|0,690|0
walk,5,128,-5978|65535,9431|0,690|0
walk,5,128,-5993|65535,9732|0,690|0
walk,5,128,-6080|65535,10002|0,690|0
walk,5,128,-6251|65535,10234|0,690|0
walk,5,128,-6435|65535,10368|0,690|0
walk,5,128,-6655|65535,10381|0,690|0
walk,5,128,-6943|65535,10344|0,690|0
walk,5,128,-7251|65535,10236|0,690|0
walk,5,128,-7496|65535,10062|0,690|0
walk,5,128,-7721|65535,9848|0,690|0
walk,5,128,-7922|65535,9647|0,690|0
walk,5,128,-8217|65535,9668|0,689|0
walk,5,128,-8517|65535,9821|0,689|0
walk,5,128,-8631|65535,9884|0,689|0
walk,5,128,-8815|65535,10061|0,689|0
walk,5,128,-8998|65535,10321|0,689|0
walk,5,128,-9213|65535,10466|0,689|0
walk,5,128,-9468|65535,10404|0,689|0
walk,5,128,-9752|65535,10238|0,689|0
walk,5,128,-9912|65535,9998|0,689|0
walk,5,128,-10073|65535,9682|0,689|0
walk,5,128,-10046|65535,9439|0,689|0
walk,5,128,-9910|65535,9043|0,689|0
walk,5,128,-9781|65535,8661|0,689|0
walk,5,128,-9701|65535,8401|0,689|0
walk,5,128,-9603|65535,8132|0,689|0
walk,5,128,-9466|65535,7760|0,689|0
walk,5,128,-9492|65535,7499|0,689|0
walk,5,128,-9511|65535,7100|0,689|0
walk,5,128,-9518|65535,6775|0,667|0
walk,5,128,-9574|65535,6522|0,669|0
walk,5,128,-9869|65535,6471|0,666|0
walk,5,128,-10192|65535,6434|0,668|0
walk,5,128,-10491|65535,6399|0,682|0
walk,5,128,-10640|65535,6329|0,689|0
walk,5,128,-10909|65535,6152|0,689|0
walk,5,128,-11263|65535,6053|0,689|0
walk,5,128,-11781|65535,5990|0,703|0
walk,5,128,-12017|65535,5936|0,737|0
walk,5,128,-12404|65535,5844|0,749|0
walk,5,128,-12652|65535,5746|0,738|0
walk,5,128,-12863|65535,5557|0,716|0
walk,5,128,-13101|65535,5311|0,694|0
walk,5,128,-13366|65535,5242|0,683|0
walk,5,128,-13651|65535,5237|0,678|0
walk,5,128,-13838|65535,5559|0,709|0
walk,5,128,-14077|65535,6001|0,775|0
walk,5,128,-13902|65535,6313|0,823|0
walk,5,128,-13691|65535,6729|0,885|0
walk,5,128,-13738|65535,7517|0,1004|0
walk,5,128,-13774|65535,7645|0,1022|0
walk,5,128,-13880|65535,7905|0,1055|0
walk,5,128,-14081|65535,8129|0,1081|0
walk,5,128,-14350|65535,8212|0,1092|0
walk,5,128,-14660|65535,8254|0,1114|0
walk,5,128,-14892|65535,8273|0,1145|0
walk,5,128,-15229|65535,8310|0,1145|0
walk,5,128,-15528|65535,8331|0,1145|0
walk,5,128,-15878|65535,8354|0,1125|0
walk,5,128,-16371|65535,8323|0,1122|0
walk,5,128,-16014|65535,8410|0,1126|0
walk,5,128,-16116|65535,8614|0,1119|0
walk,5,128,-16169|65535,8833|0,1121|0
walk,5,128,-16205|65535,9079|0,1134|0
walk,5,128,-16266|65535,9392|0,1145|0
walk,5,128,-16365|65535,9614|0,1145|0
walk,5,128,-16482|65535,9900|0,1145|0
walk,5,128,-16576|65535,10184|0,1145|0
walk,5,128,-16584|65535,10534|0,1145|0
walk,5,128,-16582|65535,10912|0,1160|0
walk,5,128,-16534|65535,11394|0,1138|0
walk,5,128,-16522|65535,11770|0,1108|0
walk,5,128,-16471|65535,12119|0,1079|0
walk,5,128,-16421|65535,12578|0,1035|0
walk,5,128,-16103|65535,12959|0,956|0
walk,5,128,-15741|65535,13244|0,895|0
walk,5,128,-15396|65535,13394|0,846|0
walk,5,128,-14845|65535,13443|0,785|0
walk,5,128,-14506|65535,13471|0,766|0
walk,5,128,-14061|65535,13549|0,731|0
walk,5,128,-13758|65535,13666|0,708|0
walk,5,128,-13489|65535,13862|0,685|0
walk,5,128,-13452|65535,14115|0,661|0
walk,5,128,-13439|65535,14506|0,631|0
walk,5,128,-13439|65535,14978|0,575|0
walk,5,128,-13487|65535,15384|0,549|0
walk,5,128,-13571|65535,15746|0,529|0
walk,5,128,-13681|65535,15936|0,529|0
walk,5,128,-13877|65535,16126|0,529|0
walk,5,128,-14079|65535,16331|0,529|0
walk,5,128,-14255|65535,16502|0,529|0
walk,5,128,-14293|65535,16818|0,529|0
walk,5,128,-14322|65535,17085|0,552|0
walk,5,128,-14389|65535,17361|0,575|0
walk,5,128,-14426|65535,17630|0,578|0
walk,5,128,-14475|65535,17904|0,578|0
walk,5,128,-14608|65535,18190|0,549|0
walk,5,128,-14778|65535,18561|0,549|0
walk,5,128,-14863|65535,18773|0,549|0
walk,5,128,-14986|65535,19015|0,549|0
walk,5,128,-15152|65535,19315|0,549|0
walk,5,128,-15314|65535,19621|0,549|0
walk,5,128,-15460|65535,19857|0,549|0
walk,5,128,-15530|65535,19990|0,549|0
walk,5,128,-15572|65535,20053|0,549|0
wait,5000