walk,6,128,-13245|65535,5594|0,0|0
walk,6,128,-12827|65535,5595|0,0|0
walk,6,128,-12650|65535,5590|0,0|0
walk,6,128,-12304|65535,5591|0,-47|65535
walk,6,128,-11949|65535,5594|0,-47|65535
walk,6,128,-11681|65535,5586|0,-47|65535
walk,6,128,-11426|65535,5584|0,0|0
walk,6,128,-11039|65535,5590|0,0|0
walk,6,128,-10720|65535,5592|0,0|0
walk,6,128,-10507|65535,5594|0,0|0
walk,6,128,-10348|65535,5598|0,0|0
wait,5000
walk,6,128,-8045|65535,5742|0,0|0
walk,6,128,-7706|65535,5973|0,0|0
walk,6,128,-7347|65535,6225|0,0|0
walk,6,128,-7021|65535,6497|0,0|0
walk,6,128,-6782|65535,6780|0,0|0
walk,6,128,-6547|65535,7082|0,0|0
walk,6,128,-6341|65535,7407|0,0|0
walk,6,128,-6215|65535,7617|0,0|0
walk,6,128,-6146|65535,7808|0,0|0
walk,6,128,-6122|65535,7906|0,0|0
walk,6,128,-6080|65535,7901|0,0|0
walk,6,128,-6129|65535,7905|0,0|0
walk,6,128,-6055|65535,7908|0,0|0
walk,6,128,-5985|65535,7909|0,0|0
wait,5000
walk,5,128,146|0,90|0,64|0
walk,5,128,-53|65535,257|0,42|0
walk,5,128,-281|65535,573|0,13|0
walk,5,128,-641|65535,1045|0,4|0
walk,5,128,-709|65535,1286|0,13|0
walk,5,128,-899|65535,1579|0,36|0
walk,5,128,-1204|65535,1976|0,11|0
walk,5,128,-1185|65535,2564|0,20|0
walk,5,128,-1206|65535,3015|0,45|0
walk,5,128,-1215|65535,3540|0,78|0
walk,5,128,-1288|65535,4194|0,123|0
walk,5,128,-1382|65535,4646|0,150|0
walk,5,128,-1588|65535,5065|0,163|0
walk,5,128,-1572|65535,5461|0,189|0
walk,5,128,-1375|65535,5894|0,233|0
walk,5,128,-1085|65535,6254|0,277|0
walk,5,128,-705|65535,6539|0,315|0
walk,5,128,-334|65535,6569|0,342|0
walk,5,128,47|0,6400|0,375|0
walk,5,128,346|0,5803|0,398|0
walk,5,128,381|0,5370|0,390|0
walk,5,128,505|0,4920|0,385|0
walk,5,128,720|0,4676|0,408|0
walk,5,128,1202|0,4608|0,498|0
walk,5,128,1747|0,4613|0,623|0
walk,5,128,2017|0,4616|0,695|0
walk,5,128,2423|0,4705|0,690|0
walk,5,128,2964|0,4939|0,690|0
walk,5,128,3457|0,5188|0,690|0
walk,5,128,3814|0,5413|0,690|0
walk,5,128,4144|0,5658|0,690|0
walk,5,128,4415|0,5826|0,719|0
walk,5,128,4680|0,6056|0,701|0
walk,5,128,4960|0,6017|0,690|0
walk,5,128,5346|0,6099|0,690|0
walk,5,128,5762|0,6215|0,675|0
walk,5,128,5971|0,6283|0,689|0
walk,5,128,6240|0,6368|0,674|0
walk,5,128,6533|0,6428|0,689|0
walk,5,128,6854|0,6527|0,706|0
walk,5,128,7218|0,6581|0,690|0
walk,5,128,7552|0,6552|0,690|0
walk,5,128,7906|0,6389|0,690|0
walk,5,128,8302|0,6198|0,690|0
walk,5,128,8659|0,6099|0,690|0
walk,5,128,8984|0,6102|0,690|0
walk,5,128,9273|0,6234|0,690|0
walk,5,128,9518|0,6433|0,690|0
walk,5,128,9702|0,6693|0,690|0
walk,5,128,9721|0,6932|0,690|0
walk,5,128,9675|0,7224|0,690|0
walk,5,128,9466|0,7554|0,690|0
walk,5,128,9231|0,7799|0,690|0
walk,5,128,9058|0,7962|0,690|0
walk,5,128,8955|0,8218|0,689|0
walk,5,128,9096|0,8523|0,689|0
walk,5,128,9302|0,8755|0,689|0
walk,5,128,9518|0,8920|0,689|0
walk,5,128,9763|0,9072|0,689|0
walk,5,128,9829|0,9254|0,689|0
walk,5,128,9763|0,9580|0,689|0
walk,5,128,9634|0,9822|0,689|0
walk,5,128,9362|0,9992|0,689|0
walk,5,128,9061|0,10146|0,689|0
walk,5,128,8700|0,10062|0,689|0
walk,5,128,8376|0,9987|0,689|0
walk,5,128,7908|0,9840|0,689|0
walk,5,128,7556|0,9738|0,689|0
walk,5,128,7254|0,9662|0,689|0
walk,5,128,6880|0,9641|0,689|0
walk,5,128,6453|0,9616|0,689|0
walk,5,128,6147|0,9606|0,667|0
walk,5,128,5905|0,9720|0,670|0
walk,5,128,5813|0,9929|0,665|0
walk,5,128,5802|0,10165|0,667|0
walk,5,128,5780|0,10598|0,682|0
walk,5,128,5512|0,11009|0,689|0
walk,5,128,5397|0,11525|0,689|0
walk,5,128,5365|0,11871|0,703|0
walk,5,128,5277|0,12196|0,749|0
walk,5,128,5150|0,12530|0,748|0
walk,5,128,5060|0,12794|0,732|0
walk,5,128,4846|0,13051|0,709|0
walk,5,128,4653|0,13301|0,690|0
walk,5,128,4493|0,13567|0,672|0
walk,5,128,4837|0,13848|0,700|0
walk,5,128,5162|0,14030|0,744|0
walk,5,128,5427|0,14083|0,785|0
walk,5,128,5648|0,13972|0,819|0
walk,5,128,5951|0,13884|0,867|0
walk,5,128,6308|0,13818|0,921|0
walk,5,128,6678|0,13811|0,976|0
walk,5,128,7036|0,13861|0,1025|0
walk,5,128,7310|0,13969|0,1059|0
walk,5,128,7518|0,14188|0,1083|0
walk,5,128,7582|0,14564|0,1095|0
walk,5,128,7624|0,14887|0,1135|0
walk,5,128,7663|0,15188|0,1145|0
walk,5,128,7716|0,15624|0,1145|0
walk,5,128,7728|0,15890|0,1126|0
walk,5,128,7761|0,16049|0,1125|0
walk,5,128,7806|0,16159|0,1126|0
walk,5,128,8039|0,16222|0,1117|0
walk,5,128,8362|0,16226|0,1120|0
walk,5,128,8645|0,16257|0,1137|0
walk,5,128,8924|0,16427|0,1145|0
walk,5,128,9208|0,16603|0,1145|0
walk,5,128,9725|0,16644|0,1145|0
walk,5,128,10316|0,16663|0,1158|0
walk,5,128,11433|0,16669|0,1086|0
walk,5,128,11003|0,16590|0,1117|0
walk,5,128,11641|0,16518|0,1062|0
walk,5,128,12109|0,16441|0,1006|0
walk,5,128,12557|0,16003|0,920|0
walk,5,128,12677|0,15494|0,849|0
walk,5,128,12726|0,15219|0,812|0
walk,5,128,12772|0,14862|0,780|0
walk,5,128,12741|0,14706|0,774|0
walk,5,128,12842|0,14417|0,753|0
walk,5,128,12941|0,14070|0,724|0
walk,5,128,13195|0,13750|0,689|0
walk,5,128,13412|0,13658|0,666|0
walk,5,128,13706|0,13611|0,642|0
walk,5,128,14012|0,13591|0,616|0
walk,5,128,14545|0,13587|0,553|0
walk,5,128,14760|0,13615|0,549|0
walk,5,128,15149|0,13768|0,544|0
walk,5,128,15444|0,13942|0,529|0
walk,5,128,15646|0,14100|0,529|0
walk,5,128,15906|0,14357|0,529|0
walk,5,128,16276|0,14441|0,543|0
walk,5,128,16577|0,14526|0,578|0
walk,5,128,17000|0,14592|0,578|0
walk,5,128,17117|0,14532|0,578|0
walk,5,128,17620|0,14619|0,549|0
walk,5,128,18122|0,14800|0,549|0
walk,5,128,18481|0,15039|0,549|0
walk,5,128,18745|0,15213|0,549|0
walk,5,128,19056|0,15433|0,549|0
walk,5,128,19264|0,15565|0,549|0
walk,5,128,19426|0,15680|0,549|0
wait,5000