walk,153,102,930,1473,-106
walk,153,102,855,1488,-106
walk,153,102,772,1531,-106
walk,153,102,647,1670,-106
walk,153,102,501,1802,-106
walk,153,102,309,1859,-106
walk,153,102,162,1875,-106
walk,153,102,15,1879,-104
walk,152,102,1718,1876,-105
walk,152,102,1328,1867,-99
walk,152,102,958,1868,-94
walk,152,102,580,1868,-102
walk,152,102,237,1878,-112
walk,151,102,1778,1894,-123
walk,151,102,1527,1900,-123
walk,151,102,1329,1901,-122
walk,151,102,1156,1910,-119
walk,151,103,936,24,-111
walk,151,103,652,74,-111
walk,151,103,336,61,-107
walk,150,103,1827,0,-120
walk,150,102,1506,1911,-97
walk,150,103,1189,31,-63
walk,150,103,959,187,-35
walk,150,103,746,382,-10
walk,150,103,513,702,2
walk,150,103,238,1109,-16
walk,150,103,13,1436,-12
walk,149,103,1695,1787,-38
walk,149,104,1555,105,-27
walk,149,104,1396,340,-24
walk,149,104,1194,619,-18
walk,149,104,920,970,-1
walk,149,104,650,1257,33
walk,149,104,464,1447,79
walk,149,104,246,1631,113
walk,148,105,1878,11,192
walk,148,105,1590,329,272
walk,148,105,1440,530,311
walk,148,105,1277,815,397
walk,148,105,1171,1031,440
walk,148,105,1048,1277,459
walk,148,105,908,1444,465
walk,148,105,624,1620,461
walk,148,105,266,1762,452
walk,147,105,1900,1848,452
walk,147,105,1758,1889,452
walk,147,105,1674,1930,474
walk,147,106,1615,49,474
wait,5000
walk,1,128,991|0,-731|65535,0|0
walk,1,128,988|0,-614|65535,0|0
walk,1,128,987|0,-480|65535,0|0
walk,1,128,989|0,-386|65535,0|0
walk,1,128,987|0,-346|65535,0|0
walk,1,128,939|0,-338|65535,0|0
walk,1,128,869|0,-337|65535,0|0
walk,1,128,740|0,-339|65535,0|0
walk,1,128,651|0,-337|65535,0|0
walk,1,128,618|0,-321|65535,0|0
walk,1,128,621|0,-267|65535,0|0
walk,1,128,625|0,-142|65535,0|0
walk,1,128,611|0,-11|65535,0|0
walk,1,128,636|0,144|0,-9|65535
walk,1,128,594|0,170|0,-9|65535
walk,1,128,482|0,185|0,-9|65535
walk,1,128,381|0,197|0,-3|65535
walk,1,128,240|0,199|0,0|0
walk,1,128,157|0,198|0,0|0
walk,1,128,158|0,134|0,0|0
walk,1,128,162|0,-22|65535,0|0
walk,1,128,110|0,-5|65535,0|0
walk,1,128,4|0,0|0,0|0
walk,1,128,-66|65535,0|0,0|0
walk,1,128,-137|65535,60|0,0|0
walk,1,128,-300|65535,224|0,-10|65535
walk,1,128,-351|65535,280|0,-10|65535
walk,1,128,-473|65535,282|0,-10|65535
walk,1,128,-622|65535,262|0,-10|65535
walk,1,128,-753|65535,210|0,-9|65535
walk,1,128,-800|65535,309|0,0|0
walk,1,128,-836|65535,419|0,0|0
walk,1,128,-861|65535,507|0,0|0
walk,1,128,-850|65535,549|0,0|0
walk,1,128,-809|65535,596|0,0|0
walk,1,128,-756|65535,664|0,3|0
walk,1,128,-693|65535,723|0,11|0
walk,1,128,-612|65535,760|0,22|0
walk,1,128,-532|65535,775|0,30|0
walk,1,128,-471|65535,757|0,37|0
walk,1,128,-386|65535,712|0,45|0
walk,1,128,-299|65535,645|0,55|0
walk,1,128,-209|65535,622|0,66|0
walk,1,128,-87|65535,613|0,79|0
walk,1,128,-15|65535,628|0,88|0
walk,1,128,53|0,685|0,95|0
walk,1,128,160|0,758|0,106|0
walk,1,128,256|0,782|0,116|0
walk,1,128,338|0,762|0,128|0
walk,1,128,407|0,726|0,137|0
walk,1,128,447|0,644|0,139|0
walk,1,128,487|0,561|0,140|0
walk,1,128,535|0,428|0,140|0
walk,1,128,487|0,312|0,143|0
walk,1,128,454|0,198|0,140|0
walk,1,128,490|0,133|0,140|0
walk,1,128,514|0,60|0,142|0
walk,1,128,586|0,-12|65535,140|0
walk,1,128,620|0,-63|65535,140|0
walk,1,128,613|0,-153|65535,139|0
walk,1,128,618|0,-250|65535,139|0
walk,1,128,625|0,-330|65535,139|0
walk,1,128,690|0,-336|65535,139|0
walk,1,128,816|0,-338|65535,139|0
walk,1,128,1000|0,-336|65535,139|0
walk,1,128,1210|0,-338|65535,139|0
walk,1,128,1284|0,-338|65535,139|0
walk,1,128,1303|0,-285|65535,139|0
walk,1,128,1293|0,-198|65535,139|0
walk,1,128,1300|0,-14|65535,140|0
walk,1,128,1425|0,81|0,142|0
walk,1,128,1490|0,152|0,140|0
//Power Earth Ghost 4
walk,1,128,1551|0,198|0,140|0
walk,1,128,1646|0,201|0,139|0
walk,1,128,1751|0,197|0,139|0
walk,1,128,1759|0,123|0,139|0
walk,1,128,1778|0,-6|65535,139|0
walk,1,128,1835|0,0|0,139|0
walk,1,128,1950|0,-4|65535,140|0
walk,1,128,2067|0,1|0,140|0
walk,1,128,2188|0,76|0,140|0
walk,1,128,2227|0,212|0,145|0
walk,1,128,2277|0,366|0,140|0
walk,1,128,2303|0,472|0,140|0
walk,1,128,2301|0,540|0,140|0
walk,1,128,2281|0,598|0,139|0
walk,1,128,2252|0,644|0,137|0
walk,1,128,2195|0,682|0,125|0
walk,1,128,2127|0,720|0,116|0
walk,1,128,2050|0,750|0,109|0
walk,1,128,1966|0,774|0,102|0
walk,1,128,1884|0,752|0,93|0
walk,1,128,1795|0,709|0,84|0
walk,1,128,1700|0,673|0,74|0
walk,1,128,1595|0,632|0,60|0
walk,1,128,1504|0,617|0,46|0
walk,1,128,1433|0,648|0,41|0
walk,1,128,1375|0,692|0,35|0
walk,1,128,1287|0,733|0,22|0
walk,1,128,1223|0,743|0,18|0
walk,1,128,1157|0,729|0,13|0
walk,1,128,1093|0,701|0,9|0
walk,1,128,1046|0,647|0,2|0
walk,1,128,1033|0,586|0,0|0
walk,1,128,1049|0,529|0,0|0
walk,1,128,1069|0,453|0,0|0
walk,1,128,1126|0,337|0,0|0
walk,1,128,1340|0,253|0,-9|65535
