walk,153,102,862,1471,-106
walk,153,102,734,1656,-106
walk,153,102,479,1806,-106
walk,153,102,249,1880,-106
walk,152,102,1899,1882,-104
walk,152,102,1679,1877,-104
walk,152,102,1470,1869,-101
walk,152,102,1184,1858,-97
walk,152,102,907,1858,-94
walk,152,102,588,1865,-102
walk,152,102,303,1866,-108
walk,152,102,121,1776,-111
walk,151,102,1838,1705,-123
walk,151,102,1568,1692,-123
walk,151,102,1297,1690,-121
walk,151,102,1034,1706,-109
walk,151,102,712,1780,-104
walk,151,102,347,1853,-113
walk,150,102,1913,1871,-115
walk,150,102,1472,1850,-95
walk,150,103,1196,12,-65
walk,150,103,959,165,-41
walk,150,103,736,385,-9
walk,150,103,539,660,3
walk,150,103,335,980,-10
walk,150,103,175,1208,-10
walk,149,103,1879,1506,-16
walk,149,103,1598,1897,-36
walk,149,104,1439,226,-24
walk,149,104,1253,503,-19
walk,149,104,1047,806,-12
walk,149,104,840,1056,4
walk,149,104,568,1331,50
walk,149,104,307,1582,105
walk,149,104,31,1842,171
walk,148,105,1727,173,238
walk,148,105,1457,471,299
walk,148,105,1257,704,373
walk,148,105,1087,1051,439
walk,148,105,859,1280,447
walk,148,105,561,1451,460
walk,148,105,200,1676,452
walk,147,105,1795,1859,452
walk,147,105,1686,1915,474
walk,147,105,1605,1979,474
wait,5000
walk,1,128,992|0,-955|65535,0|0
walk,1,128,987|0,-1288|65535,0|0
walk,1,128,1001|0,-1350|65535,0|0
walk,1,128,1065|0,-1391|65535,0|0
walk,1,128,1346|0,-1394|65535,0|0
walk,1,128,1363|0,-1642|65535,0|0
walk,1,128,1351|0,-1865|65535,-9|65535
walk,1,128,1349|0,-1897|65535,-9|65535
walk,1,128,1581|0,-1933|65535,-6|65535
walk,1,128,1807|0,-1924|65535,0|0
walk,1,128,1833|0,-1732|65535,0|0
walk,1,128,2039|0,-1735|65535,0|0
walk,1,128,2273|0,-1533|65535,-10|65535
walk,1,128,2586|0,-1537|65535,-10|65535
walk,1,128,2765|0,-1558|65535,-10|65535
//Start
walk,1,128,-879|65535,-24|65535,0|0
walk,1,128,-892|65535,207|0,0|0
walk,1,128,-868|65535,414|0,0|0
walk,1,128,-850|65535,568|0,0|0
walk,1,128,-761|65535,676|0,4|0
walk,1,128,-642|65535,768|0,19|0
walk,1,128,-504|65535,778|0,34|0
walk,1,128,-395|65535,698|0,44|0
walk,1,128,-237|65535,623|0,63|0
walk,1,128,-76|65535,631|0,80|0
walk,1,128,28|0,665|0,93|0
walk,1,128,162|0,750|0,105|0
walk,1,128,312|0,778|0,123|0
walk,1,128,430|0,713|0,139|0
walk,1,128,488|0,565|0,140|0
walk,1,128,540|0,425|0,140|0
walk,1,128,495|0,369|0,142|0
walk,1,128,461|0,149|0,140|0
walk,1,128,584|0,32|0,140|0
walk,1,128,642|0,4|0,140|0
