walk,153,102,930,1473,-106
walk,153,102,855,1488,-106
walk,153,102,772,1531,-106
walk,153,102,647,1670,-106
walk,153,102,501,1802,-106
walk,153,102,309,1859,-106
walk,153,102,162,1875,-106
walk,153,102,15,1879,-104
walk,152,102,1718,1876,-105
walk,152,102,1328,1867,-99
walk,152,102,958,1868,-94
walk,152,102,580,1868,-102
walk,152,102,237,1878,-112
walk,151,102,1778,1894,-123
walk,151,102,1527,1900,-123
walk,151,102,1329,1901,-122
walk,151,102,1156,1910,-119
walk,151,103,936,24,-111
walk,151,103,652,74,-111
walk,151,103,336,61,-107
walk,150,103,1827,0,-120
walk,150,102,1506,1911,-97
walk,150,103,1189,31,-63
walk,150,103,959,187,-35
walk,150,103,746,382,-10
walk,150,103,513,702,2
walk,150,103,238,1109,-16
walk,150,103,13,1436,-12
walk,149,103,1695,1787,-38
walk,149,104,1555,105,-27
walk,149,104,1396,340,-24
walk,149,104,1194,619,-18
walk,149,104,920,970,-1
walk,149,104,650,1257,33
walk,149,104,464,1447,79
walk,149,104,246,1631,113
walk,148,105,1878,11,192
walk,148,105,1590,329,272
walk,148,105,1440,530,311
walk,148,105,1277,815,397
walk,148,105,1171,1031,440
walk,148,105,1048,1277,459
walk,148,105,908,1444,465
walk,148,105,624,1620,461
walk,148,105,266,1762,452
walk,147,105,1900,1848,452
walk,147,105,1758,1889,452
walk,147,105,1674,1930,474
walk,147,106,1615,49,474
wait,5000
walk,1,128,991|0,-731|65535,0|0
walk,1,128,988|0,-614|65535,0|0
walk,1,128,987|0,-480|65535,0|0
walk,1,128,989|0,-386|65535,0|0
walk,1,128,987|0,-346|65535,0|0
walk,1,128,939|0,-338|65535,0|0
walk,1,128,869|0,-337|65535,0|0
walk,1,128,740|0,-339|65535,0|0
walk,1,128,651|0,-337|65535,0|0
walk,1,128,618|0,-321|65535,0|0
walk,1,128,621|0,-267|65535,0|0
walk,1,128,625|0,-142|65535,0|0
walk,1,128,611|0,-11|65535,0|0
walk,1,128,636|0,144|0,-9|65535
walk,1,128,594|0,170|0,-9|65535
walk,1,128,482|0,185|0,-9|65535
walk,1,128,381|0,197|0,-3|65535
walk,1,128,240|0,199|0,0|0
walk,1,128,157|0,198|0,0|0
walk,1,128,158|0,134|0,0|0
walk,1,128,162|0,-22|65535,0|0
walk,1,128,110|0,-5|65535,0|0
walk,1,128,4|0,0|0,0|0
walk,1,128,-66|65535,0|0,0|0
walk,1,128,-137|65535,60|0,0|0
walk,1,128,-300|65535,224|0,-10|65535
walk,1,128,-351|65535,280|0,-10|65535
