walk,153,102,936,1613,-106
walk,153,102,700,1711,-106
walk,153,102,157,1876,-106
walk,152,102,1464,1861,-101
walk,152,102,1164,1827,-96
walk,152,102,956,1740,-94
walk,152,102,559,1745,-100
walk,152,102,197,1732,-108
walk,151,102,1864,1713,-123
walk,151,102,1615,1708,-123
walk,151,102,1295,1723,-122
walk,151,102,1066,1728,-114
walk,151,102,722,1805,-108
walk,151,102,366,1862,-119
walk,151,102,41,1912,-122
walk,150,103,1673,7,-124
walk,150,103,1477,36,-89
walk,150,103,1200,136,-48
walk,150,103,989,246,-17
walk,150,103,813,380,-4
walk,150,103,628,584,2
walk,150,103,429,819,-4
walk,150,103,241,1091,-18
walk,150,103,90,1315,-10
walk,149,103,1832,1571,-18
walk,149,103,1624,1877,-36
walk,149,104,1532,151,-25
walk,149,104,1355,389,-22
walk,149,104,1118,731,-17
walk,149,104,895,998,0
walk,149,104,688,1216,23
walk,149,104,519,1376,62
walk,149,104,243,1629,113
walk,149,104,5,1843,175
walk,148,105,1659,248,254
walk,148,105,1431,497,305
walk,148,105,1241,794,394
walk,148,105,1069,1133,445
walk,148,105,784,1298,453
walk,148,105,542,1435,456
walk,148,105,228,1593,452
walk,147,105,1842,1805,452
walk,147,105,1605,1972,474
wait,5000
walk,1,128,991|0,-1060|65535,0|0
walk,1,128,996|0,-1329|65535,0|0
walk,1,128,1011|0,-1380|65535,0|0
walk,1,128,1148|0,-1393|65535,0|0
walk,1,128,1275|0,-1390|65535,0|0
walk,1,128,1366|0,-1423|65535,0|0
walk,1,128,1356|0,-1661|65535,0|0
walk,1,128,1521|0,-1872|65535,-9|65535
walk,1,128,1663|0,-1927|65535,0|0
walk,1,128,1799|0,-1915|65535,0|0
walk,1,128,1839|0,-1743|65535,0|0
walk,1,128,2007|0,-1733|65535,0|0
walk,1,128,2113|0,-1649|65535,0|0
walk,1,128,2224|0,-1569|65535,-10|65535
