walk,153,102,946,1615,-106
walk,153,102,965,1697,-106
teleport,2,1
wait,5000
walk,168,97,987,1432,-32
walk,168,97,987,1525,-3
walk,168,97,978,1744,-6
walk,168,97,1163,1758,-6
walk,168,97,1623,1766,-6
walk,169,97,39,1757,-4
walk,169,97,540,1765,-5
walk,169,97,1071,1790,-5
walk,169,97,1432,1826,0
walk,169,97,1626,1820,0
walk,169,97,1703,1820,0
walk,169,97,1774,1818,0
walk,169,97,1798,1818,0
walk,169,97,1822,1768,0
walk,169,97,1831,1707,0
walk,169,97,1860,1625,1
walk,169,97,1893,1567,2
walk,170,97,10,1536,7
walk,170,97,106,1529,7
walk,170,97,187,1539,3
walk,170,97,276,1563,0
walk,170,97,390,1621,0
walk,170,97,509,1703,0
walk,170,97,595,1756,-3
walk,170,97,737,1848,-24
walk,170,97,883,1846,-23
walk,170,97,1120,1842,-20
walk,170,97,1299,1836,-20
walk,170,97,1605,1860,-17
walk,171,98,200,46,-17
walk,171,98,647,94,4
walk,171,98,1280,163,35
walk,171,98,1585,233,87
walk,172,98,251,378,143
walk,172,98,524,535,193
walk,172,98,704,674,212
walk,172,98,968,869,192
walk,172,98,977,1132,172
walk,172,98,969,1706,65
walk,172,99,961,370,21
walk,172,99,948,722,47
walk,172,99,937,1274,54
walk,172,99,933,1871,50
walk,172,100,936,436,49
walk,172,100,933,1000,49
walk,172,100,929,1556,50
walk,172,101,929,157,50
walk,172,101,940,621,50
walk,172,101,949,1087,50
walk,172,101,945,1439,50
walk,172,101,946,1568,74
walk,172,101,947,1750,89
walk,172,102,951,398,1
walk,172,102,949,710,1
walk,172,102,952,958,38
walk,172,102,950,1145,85
walk,172,102,954,1268,99
walk,172,102,958,1476,111
walk,172,102,957,1661,111
walk,172,102,957,1746,140
walk,172,102,962,1797,150
walk,172,102,962,1843,150
wait,5000
walk,7,128,2|0,-2958|65535,-76|65535
walk,7,128,-129|65535,-2794|65535,-77|65535
walk,7,128,-282|65535,-2605|65535,-77|65535
walk,7,128,-411|65535,-2432|65535,-77|65535
walk,7,128,-565|65535,-2241|65535,-76|65535
walk,7,128,-777|65535,-1935|65535,-76|65535
walk,7,128,-898|65535,-1789|65535,-54|65535
walk,7,128,-1083|65535,-1616|65535,0|0
walk,7,128,-1323|65535,-1366|65535,0|0
walk,7,128,-1472|65535,-1148|65535,0|0
walk,7,128,-1496|65535,-766|65535,0|0
walk,7,128,-1511|65535,-512|65535,0|0
walk,7,128,-1510|65535,-123|65535,0|0
walk,7,128,-1531|65535,18|0,0|0
walk,7,128,-1547|65535,351|0,0|0
walk,7,128,-1562|65535,721|0,0|0
walk,7,128,-1561|65535,968|0,0|0
walk,7,128,-1585|65535,1252|0,0|0
walk,7,128,-1590|65535,1462|0,0|0
walk,7,128,-1614|65535,1710|0,0|0
walk,7,128,-1601|65535,1954|0,0|0
walk,7,128,-1582|65535,2116|0,0|0
walk,7,128,-1578|65535,2422|0,0|0
walk,7,128,-1586|65535,2755|0,0|0
walk,7,128,-1622|65535,3087|0,0|0
walk,7,128,-1644|65535,3449|0,0|0
walk,7,128,-1698|65535,3589|0,0|0
walk,7,128,-1658|65535,3876|0,0|0
walk,7,128,-1679|65535,4244|0,105|0
walk,7,128,-1694|65535,4434|0,155|0
walk,7,128,-1686|65535,4934|0,209|0
walk,7,128,-1669|65535,5102|0,221|0
walk,7,128,-1524|65535,5293|0,223|0
walk,7,128,-1383|65535,5453|0,223|0
walk,7,128,-1001|65535,5720|0,223|0
walk,7,128,-787|65535,5963|0,223|0
walk,7,128,-490|65535,6266|0,223|0
walk,7,128,-313|65535,6349|0,223|0
walk,7,128,-141|65535,6473|0,223|0
walk,7,128,-7|65535,6593|0,223|0
wait,5000
walk,6,128,-13362|65535,5582|0,0|0
walk,6,128,-12993|65535,5588|0,0|0
walk,6,128,-12713|65535,5611|0,0|0
walk,6,128,-12382|65535,5593|0,-47|65535
walk,6,128,-12061|65535,5567|0,-47|65535
walk,6,128,-11702|65535,5571|0,-47|65535
walk,6,128,-11367|65535,5576|0,0|0
walk,6,128,-10954|65535,5577|0,0|0
walk,6,128,-10684|65535,5576|0,0|0
walk,6,128,-10481|65535,5596|0,0|0
walk,6,128,-10352|65535,5595|0,0|0
wait,5000
walk,6,128,-8047|65535,5582|0,0|0
walk,6,128,-7786|65535,5565|0,0|0
walk,6,128,-7635|65535,5566|0,0|0
walk,6,128,-7329|65535,5563|0,0|0
walk,6,128,-7044|65535,5596|0,0|0
walk,6,128,-6823|65535,5583|0,0|0
walk,6,128,-6631|65535,5584|0,0|0
walk,6,128,-6357|65535,5576|0,-47|65535
walk,6,128,-6145|65535,5587|0,-47|65535
walk,6,128,-6095|65535,5177|0,-47|65535
walk,6,128,-6122|65535,4966|0,0|0
walk,6,128,-6124|65535,4627|0,0|0
walk,6,128,-6103|65535,4217|0,0|0
walk,6,128,-6070|65535,3848|0,0|0
walk,6,128,-6095|65535,3631|0,0|0
walk,6,128,-6078|65535,3430|0,0|0
walk,6,128,-6057|65535,3266|0,0|0
wait,5000
walk,6,128,-6112|65535,1265|0,0|0
walk,6,128,-6059|65535,987|0,0|0
walk,6,128,-6064|65535,746|0,0|0
walk,6,128,-6044|65535,566|0,0|0
walk,6,128,-6071|65535,246|0,-47|65535
walk,6,128,-6075|65535,102|0,-47|65535
walk,6,128,-6064|65535,-14|65535,-47|65535
