walk,168,97,989,1467,-26
walk,168,97,1018,1662,0
walk,168,97,985,1474,-18
walk,168,97,1018,1660,0
walk,168,97,1412,1733,-6
walk,169,97,4,1748,-4
walk,169,97,560,1767,-5
walk,169,97,1079,1790,-5
walk,169,97,1497,1812,0
walk,169,97,1773,1815,0
walk,169,97,1820,1649,0
walk,170,97,31,1528,7
walk,170,97,278,1505,1
walk,170,97,581,1576,3
walk,170,97,1106,1691,-2
walk,170,97,1705,1821,-20
walk,171,97,324,1893,-30
walk,171,97,721,1901,-27
walk,171,97,1158,1880,-6
walk,171,97,1730,1880,28
walk,172,97,438,1890,67
walk,172,98,802,67,116
walk,172,98,910,261,142
walk,172,98,955,702,185
walk,172,98,960,1038,183
walk,172,98,973,1688,67
walk,172,99,979,244,22
walk,172,99,958,588,36
walk,172,99,932,951,51
walk,172,99,924,1392,55
walk,172,99,926,1886,50
walk,172,100,924,461,49
walk,172,100,922,936,49
walk,172,100,920,1407,49
walk,172,100,917,1789,50
walk,172,101,918,356,50
walk,172,101,919,841,50
walk,172,101,947,1340,50
walk,172,101,941,1222,50
walk,172,101,950,1532,66
walk,172,101,948,1785,87
walk,172,102,954,379,1
walk,172,102,953,894,22
walk,172,102,956,1139,81
walk,172,102,957,1417,101
walk,172,102,960,1656,111
walk,172,102,960,1769,150
walk,172,102,961,1843,150
wait,5000
walk,-24568,6624,-76
walk,-24561,6650,-76
walk,-24553,6681,-76
walk,-24543,6714,-76
walk,-24530,6748,-75
walk,-24517,6783,-75
walk,-24504,6818,-75
walk,-24481,6849,-34
walk,-24456,6878,0
walk,-24436,6903,0
walk,-24434,6907,0
walk,-24434,6929,0
walk,-24430,6964,0
walk,-24427,7001,0
walk,-24425,7042,0
walk,-24422,7083,0
walk,-24420,7125,0
walk,-24417,7166,0
walk,-24415,7212,0
walk,-24413,7258,0
walk,-24411,7287,0
walk,-24411,7318,55
walk,-24411,7344,125
walk,-24412,7375,181
walk,-24417,7412,214
walk,-24424,7439,223
walk,-24444,7460,223
walk,-24480,7490,223
walk,-24521,7524,223
walk,-24536,7537,223
walk,-24553,7551,223
walk,-24576,7571,223
wait,5000
walk,-26112,7467,0
walk,-26070,7468,0
walk,-26050,7469,0
walk,-26037,7469,0
walk,-26011,7470,-46
walk,-25978,7470,-46
walk,-25943,7471,-46
walk,-25924,7471,-19
walk,-25899,7471,0
walk,-25860,7471,0
walk,-25835,7471,0
walk,-25811,7471,0
walk,-25799,7471,0
wait,5000
walk,-25574,7462,0
walk,-25549,7445,0
walk,-25514,7419,0
walk,-25491,7400,0
walk,-25473,7383,0
walk,-25451,7356,0
walk,-25432,7330,0
walk,-25415,7304,0
walk,-25397,7276,0
walk,-25384,7256,0
walk,-25373,7238,0
wait,5000
walk,6,128,-6181|65535,1442|0,0|0
walk,6,128,-6420|65535,1132|0,0|0
walk,6,128,-6596|65535,894|0,0|0
walk,6,128,-6804|65535,591|0,0|0
walk,6,128,-6943|65535,379|0,0|0
walk,6,128,-7053|65535,-4|65535,0|0
walk,-25485,6910,0 