walk,168,97,975,1746,-6
walk,168,97,1062,1756,-6
walk,168,97,1482,1756,-6
walk,169,97,42,1764,-4
walk,169,97,534,1760,-4
walk,169,97,979,1759,-4
walk,169,97,1377,1810,0
walk,169,97,1693,1815,0
walk,169,97,1770,1811,0
walk,169,97,1836,1680,0
walk,169,97,1886,1509,4
walk,170,97,113,1392,2
walk,170,97,294,1382,5
walk,170,97,459,1425,19
walk,170,97,775,1616,4
walk,170,97,1080,1741,-10
walk,170,97,1491,1818,-20
walk,170,97,1684,1838,-20
walk,171,97,218,1870,-26
walk,171,97,582,1876,-25
walk,171,97,915,1900,-12
walk,171,98,1285,21,14
walk,171,98,1709,159,74
walk,172,98,143,363,136
walk,172,98,299,522,184
walk,172,98,398,747,207
walk,172,98,514,1057,216
walk,172,98,578,1285,205
walk,172,98,863,1898,46
walk,172,99,933,341,20
walk,172,99,943,626,39
walk,172,99,931,974,51
walk,172,99,929,1381,55
walk,172,99,937,1904,50
walk,172,100,948,500,49
walk,172,100,956,1185,49
walk,172,100,944,1905,50
walk,172,101,943,371,50
walk,172,101,951,958,50
walk,172,101,954,1351,50
walk,172,101,950,1576,75
walk,172,101,951,1760,88
walk,172,101,952,2046,52
walk,172,102,960,537,1
walk,172,102,960,830,1
walk,172,102,956,992,38
walk,172,102,956,1205,99
walk,172,102,956,1564,111
walk,172,102,960,1743,138
walk,172,102,961,1844,150
wait,5000
walk,7,128,39|0,-2948|65535,-76|65535
walk,7,128,127|0,-2749|65535,-77|65535
walk,7,128,240|0,-2444|65535,-77|65535
walk,7,128,384|0,-2204|65535,-77|65535
walk,7,128,723|0,-1853|65535,-76|65535
walk,7,128,949|0,-1699|65535,-36|65535
walk,7,128,1136|0,-1532|65535,0|0
walk,7,128,1418|0,-1268|65535,0|0
walk,7,128,1568|0,-1106|65535,0|0
walk,7,128,1580|0,-732|65535,0|0
walk,7,128,1598|0,-281|65535,0|0
walk,7,128,1610|0,88|0,0|0
walk,7,128,1629|0,532|0,0|0
walk,7,128,1652|0,997|0,0|0
walk,7,128,1646|0,1466|0,0|0
walk,7,128,1651|0,2015|0,0|0
walk,7,128,1653|0,2548|0,0|0
walk,7,128,1663|0,2961|0,0|0
walk,7,128,1661|0,3379|0,0|0
walk,7,128,1668|0,3768|0,0|0
walk,7,128,1664|0,4107|0,67|0
walk,7,128,1667|0,4382|0,142|0
walk,7,128,1665|0,4852|0,203|0
walk,7,128,1661|0,5192|0,223|0
walk,7,128,1541|0,5433|0,223|0
walk,7,128,1137|0,5798|0,223|0
walk,7,128,693|0,6123|0,223|0
walk,7,128,405|0,6333|0,223|0
walk,7,128,99|0,6536|0,223|0
walk,7,128,0|0,6595|0,223|0
wait,5000
walk,6,128,-13537|65535,5594|0,0|0
walk,6,128,-13389|65535,5588|0,0|0
walk,6,128,-13180|65535,5585|0,0|0
walk,6,128,-12979|65535,5588|0,0|0
walk,6,128,-12828|65535,5598|0,0|0
walk,6,128,-12689|65535,5601|0,0|0
walk,6,128,-12477|65535,5595|0,-47|65535
walk,6,128,-12366|65535,5600|0,-47|65535
walk,6,128,-12200|65535,5606|0,-47|65535
walk,6,128,-11963|65535,5604|0,-47|65535
walk,6,128,-11726|65535,5602|0,-47|65535
walk,6,128,-11564|65535,5605|0,-18|65535
walk,6,128,-11305|65535,5603|0,0|0
walk,6,128,-11051|65535,5596|0,0|0
walk,6,128,-10797|65535,5589|0,0|0
walk,6,128,-10543|65535,5582|0,0|0
walk,6,128,-10355|65535,5591|0,0|0
wait,5000
walk,6,128,-8013|65535,5594|0,0|0
walk,6,128,-7752|65535,5361|0,0|0
walk,6,128,-7453|65535,5120|0,0|0
walk,6,128,-7248|65535,4916|0,0|0
walk,6,128,-7063|65535,4718|0,0|0
walk,6,128,-6926|65535,4543|0,0|0
walk,6,128,-6792|65535,4414|0,0|0
walk,6,128,-6668|65535,4265|0,0|0
walk,6,128,-6448|65535,3958|0,0|0
walk,6,128,-6284|65535,3711|0,1|0
walk,6,128,-6216|65535,3579|0,0|0
walk,6,128,-6141|65535,3437|0,0|0
walk,6,128,-6061|65535,3277|0,0|0
wait,5000
walk,6,128,-6061|65535,1486|0,0|0
walk,6,128,-6018|65535,1306|0,0|0
walk,6,128,-5962|65535,1157|0,0|0
walk,6,128,-5921|65535,954|0,0|0