walk,153,102,1195,1758,-106
walk,153,102,1173,1793,-106
wait,5000
teleport,2,1
wait,5000
walk,168,97,964,1407,-32
walk,168,97,1069,1639,0
walk,168,97,1219,1769,-6
walk,168,97,1399,1751,-6
walk,168,97,1618,1756,-6
walk,168,97,1837,1763,-5
walk,169,97,165,1758,-3
walk,169,97,444,1762,-4
walk,169,97,828,1786,-5
walk,169,97,1193,1814,-4
walk,169,97,1485,1826,0
walk,169,97,1676,1830,0
walk,169,97,1796,1836,0
walk,169,98,1897,79,-4
walk,170,98,71,211,0
walk,170,98,240,303,12
walk,170,98,472,372,16
walk,170,98,643,391,28
walk,170,98,1061,436,-1
walk,170,98,1326,431,31
walk,170,98,1731,496,33
walk,171,98,171,404,125
walk,171,98,295,374,144
walk,171,98,635,294,77
walk,171,98,896,362,67
walk,171,98,1052,401,82
walk,171,98,1257,480,76
walk,171,98,1367,555,151
walk,171,98,1591,710,250
walk,171,98,1679,785,292
walk,171,98,1869,942,287
walk,172,98,199,1189,227
walk,172,98,435,1514,167
walk,172,98,511,1667,149
walk,172,99,694,32,62
walk,172,99,852,307,18
walk,172,99,957,499,28
walk,172,99,927,652,41
walk,172,99,926,895,51
walk,172,99,929,1154,52
walk,172,99,941,1372,55
walk,172,99,952,1611,55
walk,172,99,959,1878,50
walk,172,100,955,230,49
walk,172,100,959,509,49
walk,172,100,963,863,49
walk,172,100,961,1137,49
walk,172,100,956,1470,49
walk,172,100,951,1754,50
walk,172,101,942,164,50
walk,172,101,932,567,50
walk,172,101,936,905,50
walk,172,101,949,1283,50
walk,172,101,943,1443,50
walk,172,101,939,1605,79
walk,172,101,947,1746,89
walk,172,102,955,374,1
walk,172,102,954,601,1
walk,172,102,958,817,1
walk,172,102,955,960,38
walk,172,102,962,1130,76
walk,172,102,965,1425,104
walk,172,102,960,1669,111
walk,172,102,958,1784,150
walk,172,102,961,1843,150
wait,5000
walk,7,128,-85|65535,-2905|65535,-77|65535
walk,7,128,-334|65535,-2609|65535,-77|65535
walk,7,128,-495|65535,-2365|65535,-76|65535
walk,7,128,-612|65535,-2171|65535,-76|65535
walk,7,128,-730|65535,-1960|65535,-76|65535
walk,7,128,-903|65535,-1710|65535,-52|65535
walk,7,128,-984|65535,-1631|65535,-21|65535
walk,7,128,-1142|65535,-1551|65535,0|0
walk,7,128,-1396|65535,-1457|65535,0|0
walk,7,128,-1572|65535,-1384|65535,0|0
walk,7,128,-1572|65535,-1206|65535,0|0
walk,7,128,-1599|65535,-727|65535,0|0
walk,7,128,-1600|65535,-122|65535,0|0
walk,7,128,-1624|65535,385|0,0|0
walk,7,128,-1628|65535,596|0,0|0
walk,7,128,-1633|65535,939|0,0|0
walk,7,128,-1641|65535,1121|0,0|0
walk,7,128,-1650|65535,1439|0,0|0
walk,7,128,-1658|65535,1690|0,0|0
walk,7,128,-1668|65535,2008|0,0|0
walk,7,128,-1674|65535,2215|0,0|0
walk,7,128,-1681|65535,2447|0,0|0
walk,7,128,-1685|65535,2739|0,0|0
walk,7,128,-1690|65535,3005|0,0|0
walk,7,128,-1694|65535,3249|0,0|0
walk,7,128,-1700|65535,3574|0,0|0
walk,7,128,-1687|65535,3976|0,27|0
walk,7,128,-1679|65535,4269|0,112|0
walk,7,128,-1670|65535,4502|0,164|0
walk,7,128,-1660|65535,4850|0,203|0
walk,7,128,-1674|65535,5202|0,223|0
walk,7,128,-1645|65535,5434|0,223|0
walk,7,128,-1529|65535,5682|0,223|0
walk,7,128,-1286|65535,5865|0,223|0
walk,7,128,-798|65535,6142|0,223|0
walk,7,128,-576|65535,6275|0,223|0
walk,7,128,-364|65535,6383|0,223|0
walk,7,128,-221|65535,6462|0,223|0
walk,7,128,-82|65535,6549|0,223|0
walk,7,128,-42|65535,6575|0,223|0
walk,7,128,-1|65535,6595|0,223|0
wait,5000
walk,6,128,-13459|65535,5599|0,0|0
walk,6,128,-13165|65535,5592|0,0|0
walk,6,128,-12806|65535,5601|0,0|0
walk,6,128,-12287|65535,5590|0,-47|65535
walk,6,128,-11782|65535,5590|0,-47|65535
walk,6,128,-11568|65535,5596|0,-21|65535
walk,6,128,-11247|65535,5586|0,0|0
walk,6,128,-10924|65535,5591|0,0|0
walk,6,128,-10647|65535,5594|0,0|0
walk,6,128,-10468|65535,5595|0,0|0
walk,6,128,-10401|65535,5595|0,0|0
walk,6,128,-10349|65535,5599|0,0|0
wait,5000
walk,6,128,-7778|65535,5777|0,0|0
walk,6,128,-7606|65535,5936|0,0|0
walk,6,128,-7316|65535,6025|0,0|0
walk,6,128,-7253|65535,6025|0,0|0
walk,6,128,-7020|65535,6157|0,0|0 