walk,168,97,975,1746,-6
walk,168,97,1062,1756,-6
walk,168,97,1482,1756,-6
walk,169,97,42,1764,-4
walk,169,97,534,1760,-4
walk,169,97,979,1759,-4
walk,169,97,1377,1810,0
walk,169,97,1693,1815,0
walk,169,97,1770,1811,0
walk,169,97,1836,1680,0
walk,169,97,1886,1509,4
walk,170,97,113,1392,2
walk,170,97,294,1382,5
walk,170,97,459,1425,19
walk,170,97,775,1616,4
walk,170,97,1080,1741,-10
walk,170,97,1491,1818,-20
walk,170,97,1684,1838,-20
walk,171,97,218,1870,-26
walk,171,97,582,1876,-25
walk,171,97,915,1900,-12
walk,171,98,1285,21,14
walk,171,98,1709,159,74
walk,172,98,143,363,136
walk,172,98,299,522,184
walk,172,98,398,747,207
walk,172,98,514,1057,216
walk,172,98,578,1285,205
walk,172,98,863,1898,46
walk,172,99,933,341,20
walk,172,99,943,626,39
walk,172,99,931,974,51
walk,172,99,929,1381,55
walk,172,99,937,1904,50
walk,172,100,948,500,49
walk,172,100,956,1185,49
walk,172,100,944,1905,50
walk,172,101,943,371,50
walk,172,101,951,958,50
walk,172,101,954,1351,50
walk,172,101,950,1576,75
walk,172,101,951,1760,88
walk,172,101,952,2046,52
walk,172,102,960,537,1
walk,172,102,960,830,1
walk,172,102,956,992,38
walk,172,102,956,1205,99
walk,172,102,956,1564,111
walk,172,102,960,1743,138
walk,172,102,961,1844,150
wait,5000
walk,7,128,39|0,-2948|65535,-76|65535
walk,7,128,127|0,-2749|65535,-77|65535
walk,7,128,240|0,-2444|65535,-77|65535
walk,7,128,384|0,-2204|65535,-77|65535
walk,7,128,723|0,-1853|65535,-76|65535
walk,7,128,949|0,-1699|65535,-36|65535
walk,7,128,1136|0,-1532|65535,0|0
walk,7,128,1418|0,-1268|65535,0|0
walk,7,128,1568|0,-1106|65535,0|0
walk,7,128,1580|0,-732|65535,0|0
walk,7,128,1598|0,-281|65535,0|0
walk,7,128,1610|0,88|0,0|0
walk,7,128,1629|0,532|0,0|0
walk,7,128,1652|0,997|0,0|0
walk,7,128,1646|0,1466|0,0|0
walk,7,128,1651|0,2015|0,0|0
walk,7,128,1653|0,2548|0,0|0
walk,7,128,1663|0,2961|0,0|0
walk,7,128,1661|0,3379|0,0|0
walk,7,128,1668|0,3768|0,0|0
walk,7,128,1664|0,4107|0,67|0
walk,7,128,1667|0,4382|0,142|0
walk,7,128,1665|0,4852|0,203|0
walk,7,128,1661|0,5192|0,223|0
walk,7,128,1541|0,5433|0,223|0
walk,7,128,1137|0,5798|0,223|0
walk,7,128,693|0,6123|0,223|0
walk,7,128,405|0,6333|0,223|0
walk,7,128,99|0,6536|0,223|0
walk,7,128,0|0,6595|0,223|0
wait,5000
walk,6,128,-13459|65535,5587|0,0|0
walk,6,128,-13177|65535,5579|0,0|0
walk,6,128,-12968|65535,5571|0,0|0
walk,6,128,-12756|65535,5580|0,0|0
walk,6,128,-12240|65535,5586|0,-47|65535
walk,6,128,-12028|65535,5596|0,-47|65535
walk,6,128,-11840|65535,5595|0,-47|65535
walk,6,128,-11707|65535,5591|0,-47|65535
walk,6,128,-11535|65535,5587|0,0|0
walk,6,128,-11316|65535,5592|0,0|0
walk,6,128,-11125|65535,5597|0,0|0
walk,6,128,-10934|65535,5602|0,0|0
walk,6,128,-10743|65535,5607|0,0|0
walk,6,128,-10479|65535,5595|0,0|0
walk,6,128,-10357|65535,5596|0,0|0
wait,5000
walk,6,128,-8084|65535,5592|0,0|0
walk,6,128,-7840|65535,5576|0,0|0
walk,6,128,-7610|65535,5559|0,0|0
walk,6,128,-7391|65535,5490|0,0|0
walk,6,128,-7228|65535,5444|0,0|0
walk,6,128,-7037|65535,5353|0,0|0
walk,6,128,-6790|65535,5153|0,0|0
walk,6,128,-6585|65535,5214|0,0|0
walk,6,128,-6517|65535,5057|0,0|0