walk,168,97,984,1640,0
walk,168,97,1765,1716,-5
walk,169,97,228,1758,-4
walk,169,97,778,1772,-4
walk,169,97,1202,1784,-3
walk,169,97,1579,1813,0
walk,170,97,185,1851,-7
walk,170,97,799,1737,-5
walk,170,97,1240,1702,-3
walk,170,97,1797,1735,-8
walk,171,97,256,1793,-16
walk,171,98,1463,105,43
walk,171,98,1825,276,114
walk,172,98,331,502,183
walk,172,98,493,833,209
walk,172,98,510,1216,213
walk,172,98,673,1788,101
walk,172,99,820,427,13
walk,172,99,874,783,48
walk,172,99,896,1309,54
walk,172,100,960,720,49
walk,172,100,963,1116,49
walk,172,100,962,1689,50
walk,172,101,963,251,50
walk,172,101,962,727,50
walk,172,101,964,1178,50
walk,172,101,963,1466,50
walk,172,101,958,1656,86
walk,172,101,949,2015,52
walk,172,102,955,624,1
walk,172,102,959,839,1
walk,172,102,960,1019,38
walk,172,102,952,1201,99
walk,172,102,967,1579,111
walk,172,102,967,1729,129
walk,172,102,962,1840,150
wait,5000
walk,7,128,214|0,-2748|65535,-77|65535
walk,7,128,624|0,-2214|65535,-76|65535
walk,7,128,657|0,-1530|65535,-76|65535
walk,7,128,666|0,-995|65535,-76|65535
walk,7,128,660|0,-525|65535,-76|65535
walk,7,128,695|0,58|0,-76|65535
walk,7,128,818|0,593|0,-76|65535
walk,7,128,899|0,973|0,-56|65535
walk,7,128,950|0,1246|0,-36|65535
walk,7,128,1080|0,1535|0,0|0
walk,7,128,1221|0,1761|0,0|0
walk,7,128,1396|0,2297|0,0|0
walk,7,128,1511|0,2804|0,0|0
walk,7,128,1609|0,3377|0,0|0
walk,7,128,1648|0,3761|0,0|0
walk,7,128,1656|0,4206|0,95|0
walk,7,128,1670|0,4515|0,165|0
walk,7,128,1667|0,4948|0,210|0
walk,7,128,1552|0,5479|0,223|0
walk,7,128,1171|0,5795|0,223|0
walk,7,128,802|0,5882|0,223|0
walk,7,128,489|0,6179|0,223|0
walk,7,128,411|0,6248|0,223|0
walk,7,128,122|0,6482|0,223|0
walk,7,128,-4|65535,6596|0,223|0
wait,5000
walk,6,128,-12961|65535,5541|0,0|0
walk,6,128,-11868|65535,5593|0,-47|65535
walk,6,128,-11579|65535,5587|0,-28|65535
walk,6,128,-10994|65535,5582|0,0|0
walk,6,128,-10823|65535,5581|0,0|0
walk,6,128,-10471|65535,5598|0,0|0
walk,6,128,-10351|65535,5597|0,0|0
wait,5000
walk,6,128,-7857|65535,5309|0,0|0
walk,6,128,-7566|65535,5192|0,0|0
walk,6,128,-7188|65535,4972|0,0|0 