walk,168,97,987,1432,-32
walk,168,97,987,1525,-3
walk,168,97,978,1744,-6
walk,168,97,1163,1758,-6
walk,168,97,1623,1766,-6
walk,169,97,39,1757,-4
walk,169,97,540,1765,-5
walk,169,97,1071,1790,-5
walk,169,97,1432,1826,0
walk,169,97,1626,1820,0
walk,169,97,1703,1820,0
walk,169,97,1774,1818,0
walk,169,97,1798,1818,0
walk,169,97,1822,1768,0
walk,169,97,1831,1707,0
walk,169,97,1860,1625,1
walk,169,97,1893,1567,2
walk,170,97,10,1536,7
walk,170,97,106,1529,7
walk,170,97,187,1539,3
walk,170,97,276,1563,0
walk,170,97,390,1621,0
walk,170,97,509,1703,0
walk,170,97,595,1756,-3
walk,170,97,737,1848,-24
walk,170,97,883,1846,-23
walk,170,97,1120,1842,-20
walk,170,97,1299,1836,-20
walk,170,97,1605,1860,-17
walk,171,98,200,46,-17
walk,171,98,647,94,4
walk,171,98,1280,163,35
walk,171,98,1585,233,87
walk,172,98,251,378,143
walk,172,98,524,535,193
walk,172,98,704,674,212
walk,172,98,968,869,192
walk,172,98,977,1132,172
walk,172,98,969,1706,65
walk,172,99,961,370,21
walk,172,99,948,722,47
walk,172,99,937,1274,54
walk,172,99,933,1871,50
walk,172,100,936,436,49
walk,172,100,933,1000,49
walk,172,100,929,1556,50
walk,172,101,929,157,50
walk,172,101,940,621,50
walk,172,101,949,1087,50
walk,172,101,945,1439,50
walk,172,101,946,1568,74
walk,172,101,947,1750,89
walk,172,102,951,398,1
walk,172,102,949,710,1
walk,172,102,952,958,38
walk,172,102,950,1145,85
walk,172,102,954,1268,99
walk,172,102,958,1476,111
walk,172,102,957,1661,111
walk,172,102,957,1746,140
walk,172,102,962,1797,150
walk,172,102,962,1843,150
wait,5000
walk,7,128,39|0,-2948|65535,-76|65535
walk,7,128,127|0,-2749|65535,-77|65535
walk,7,128,240|0,-2444|65535,-77|65535
walk,7,128,384|0,-2204|65535,-77|65535
walk,7,128,723|0,-1853|65535,-76|65535
walk,7,128,949|0,-1699|65535,-36|65535
walk,7,128,1136|0,-1532|65535,0|0
walk,7,128,1418|0,-1268|65535,0|0
walk,7,128,1568|0,-1106|65535,0|0
walk,7,128,1580|0,-732|65535,0|0
walk,7,128,1598|0,-281|65535,0|0
walk,7,128,1610|0,88|0,0|0
walk,7,128,1629|0,532|0,0|0
walk,7,128,1652|0,997|0,0|0
walk,7,128,1646|0,1466|0,0|0
walk,7,128,1651|0,2015|0,0|0
walk,7,128,1653|0,2548|0,0|0
walk,7,128,1663|0,2961|0,0|0
walk,7,128,1661|0,3379|0,0|0
walk,7,128,1668|0,3768|0,0|0
walk,7,128,1664|0,4107|0,67|0
walk,7,128,1667|0,4382|0,142|0
walk,7,128,1665|0,4852|0,203|0
walk,7,128,1661|0,5192|0,223|0
walk,7,128,1541|0,5433|0,223|0
walk,7,128,1137|0,5798|0,223|0
walk,7,128,693|0,6123|0,223|0
walk,7,128,529|0,6267|0,223|0
walk,7,128,323|0,6372|0,223|0
walk,7,128,115|0,6502|0,223|0
walk,7,128,-5|65535,6599|0,223|0
wait,5000
walk,6,128,-13395|65535,5626|0,0|0
walk,6,128,-13205|65535,5616|0,0|0
walk,6,128,-13010|65535,5608|0,0|0
walk,6,128,-12718|65535,5606|0,0|0
walk,6,128,-12341|65535,5610|0,-47|65535
walk,6,128,-12022|65535,5585|0,-47|65535
walk,6,128,-11534|65535,5579|0,0|0
walk,6,128,-11375|65535,5575|0,0|0
walk,6,128,-11057|65535,5566|0,0|0
walk,6,128,-10807|65535,5570|0,0|0
walk,6,128,-10577|65535,5587|0,0|0
walk,6,128,-10355|65535,5598|0,0|0
wait,5000
walk,6,128,-8051|65535,5598|0,0|0
walk,6,128,-7884|65535,5606|0,0|0
walk,6,128,-7610|65535,5601|0,0|0
walk,6,128,-7425|65535,5604|0,0|0
walk,6,128,-7151|65535,5604|0,0|0
walk,6,128,-6999|65535,5593|0,0|0
walk,6,128,-6872|65535,5594|0,0|0
walk,6,128,-6666|65535,5594|0,0|0
walk,6,128,-6431|65535,5651|0,-47|65535
walk,6,128,-6193|65535,5635|0,-47|65535
walk,6,128,-5978|65535,5599|0,-47|65535
walk,6,128,-5755|65535,5586|0,-47|65535
walk,6,128,-5645|65535,5594|0,-47|65535
