walk,153,102,930,1473,-106
walk,153,102,855,1488,-106
walk,153,102,772,1531,-106
walk,153,102,647,1670,-106
walk,153,102,501,1802,-106
walk,153,102,309,1859,-106
walk,153,102,162,1875,-106
walk,153,102,15,1879,-104
walk,152,102,1718,1876,-105
walk,152,102,1328,1867,-99
walk,152,102,958,1868,-94
walk,152,102,580,1868,-102
walk,152,102,237,1878,-112
walk,151,102,1778,1894,-123
walk,151,102,1527,1900,-123
walk,151,102,1329,1901,-122
walk,151,102,1156,1910,-119
walk,151,103,936,24,-111
walk,151,103,652,74,-111
walk,151,103,336,61,-107
walk,150,103,1827,0,-120
walk,150,102,1506,1911,-97
walk,150,103,1189,31,-63
walk,150,103,959,187,-35
walk,150,103,746,382,-10
walk,150,103,513,702,2
walk,150,103,238,1109,-16
walk,150,103,13,1436,-12
walk,149,103,1695,1787,-38
walk,149,104,1555,105,-27
walk,149,104,1396,340,-24
walk,149,104,1194,619,-18
walk,149,104,920,970,-1
walk,149,104,650,1257,33
walk,149,104,464,1447,79
walk,149,104,246,1631,113
walk,148,105,1878,11,192
walk,148,105,1590,329,272
walk,148,105,1440,530,311
walk,148,105,1277,815,397
walk,148,105,1171,1031,440
walk,148,105,1048,1277,459
walk,148,105,908,1444,465
walk,148,105,624,1620,461
walk,148,105,266,1762,452
walk,147,105,1900,1848,452
walk,147,105,1758,1889,452
walk,147,105,1674,1930,474
walk,147,106,1615,49,474
wait,5000
walk,1,128,991|0,-731|65535,0|0
walk,1,128,988|0,-614|65535,0|0
walk,1,128,987|0,-480|65535,0|0
walk,1,128,989|0,-386|65535,0|0
walk,1,128,987|0,-346|65535,0|0
walk,1,128,939|0,-338|65535,0|0
walk,1,128,869|0,-337|65535,0|0
walk,1,128,740|0,-339|65535,0|0
walk,1,128,651|0,-337|65535,0|0
walk,1,128,618|0,-321|65535,0|0
walk,1,128,621|0,-267|65535,0|0
walk,1,128,625|0,-142|65535,0|0
walk,1,128,611|0,-11|65535,0|0
walk,1,128,636|0,144|0,-9|65535
walk,1,128,594|0,170|0,-9|65535
walk,1,128,482|0,185|0,-9|65535
walk,1,128,381|0,197|0,-3|65535
walk,1,128,240|0,199|0,0|0
walk,1,128,157|0,198|0,0|0
walk,1,128,158|0,134|0,0|0
walk,1,128,162|0,-22|65535,0|0
walk,1,128,110|0,-5|65535,0|0
walk,1,128,4|0,0|0,0|0
walk,1,128,-66|65535,0|0,0|0
walk,1,128,-137|65535,60|0,0|0
walk,1,128,-300|65535,224|0,-10|65535
walk,1,128,-351|65535,280|0,-10|65535
walk,1,128,-473|65535,282|0,-10|65535
walk,1,128,-622|65535,262|0,-10|65535
walk,1,128,-753|65535,210|0,-9|65535
walk,1,128,-800|65535,309|0,0|0
walk,1,128,-836|65535,419|0,0|0
walk,1,128,-861|65535,507|0,0|0
walk,1,128,-850|65535,549|0,0|0
walk,1,128,-809|65535,596|0,0|0
walk,1,128,-756|65535,664|0,3|0
walk,1,128,-693|65535,723|0,11|0
walk,1,128,-612|65535,760|0,22|0
walk,1,128,-532|65535,775|0,30|0
walk,1,128,-471|65535,757|0,37|0
walk,1,128,-386|65535,712|0,45|0
walk,1,128,-299|65535,645|0,55|0
walk,1,128,-209|65535,622|0,66|0
walk,1,128,-87|65535,613|0,79|0
walk,1,128,-15|65535,628|0,88|0
walk,1,128,53|0,685|0,95|0
walk,1,128,160|0,758|0,106|0
walk,1,128,256|0,782|0,116|0
walk,1,128,338|0,762|0,128|0
walk,1,128,407|0,726|0,137|0
walk,1,128,447|0,644|0,139|0
walk,1,128,487|0,561|0,140|0
walk,1,128,535|0,428|0,140|0
walk,1,128,487|0,312|0,143|0
walk,1,128,454|0,198|0,140|0
walk,1,128,490|0,133|0,140|0
walk,1,128,514|0,60|0,142|0
walk,1,128,586|0,-12|65535,140|0
walk,1,128,620|0,-63|65535,140|0
walk,1,128,613|0,-153|65535,139|0
walk,1,128,618|0,-250|65535,139|0
walk,1,128,625|0,-330|65535,139|0
walk,1,128,690|0,-336|65535,139|0
walk,1,128,816|0,-338|65535,139|0
walk,1,128,1000|0,-336|65535,139|0
walk,1,128,1210|0,-338|65535,139|0
walk,1,128,1284|0,-338|65535,139|0
walk,1,128,1303|0,-285|65535,139|0
walk,1,128,1293|0,-198|65535,139|0
walk,1,128,1300|0,-14|65535,140|0
walk,1,128,1425|0,81|0,142|0
walk,1,128,1490|0,152|0,140|0
walk,1,128,1465|0,185|0,140|0
walk,1,128,1447|0,259|0,140|0
walk,1,128,1418|0,330|0,142|0
walk,1,128,1316|0,378|0,140|0
walk,1,128,1230|0,432|0,140|0
walk,1,128,1193|0,493|0,140|0
walk,1,128,1185|0,564|0,140|0
walk,1,128,1253|0,636|0,144|0
walk,1,128,1305|0,699|0,153|0
walk,1,128,1390|0,731|0,161|0
walk,1,128,1464|0,734|0,170|0
walk,1,128,1571|0,703|0,180|0
walk,1,128,1659|0,630|0,189|0
walk,1,128,1759|0,610|0,203|0
walk,1,128,1866|0,605|0,217|0
walk,1,128,2023|0,655|0,236|0
walk,1,128,2126|0,731|0,249|0
walk,1,128,2305|0,749|0,262|0
walk,1,128,2376|0,689|0,270|0
walk,1,128,2387|0,632|0,277|0
walk,1,128,2417|0,537|0,279|0
walk,1,128,2428|0,433|0,280|0
walk,1,128,2421|0,273|0,280|0
walk,1,128,2417|0,31|0,284|0
walk,1,128,2416|0,-2|65535,284|0
walk,1,128,2319|0,11|0,284|0
walk,1,128,2091|0,0|0,280|0
walk,1,128,1861|0,-2|65535,280|0
walk,1,128,1746|0,-1|65535,280|0
walk,1,128,1753|0,111|0,280|0
walk,1,128,1746|0,197|0,280|0
walk,1,128,1655|0,196|0,280|0
walk,1,128,1596|0,199|0,280|0
walk,1,128,1503|0,169|0,284|0
walk,1,128,1382|0,72|0,284|0
walk,1,128,1319|0,-24|65535,284|0
walk,1,128,1298|0,-86|65535,280|0
walk,1,128,1300|0,-183|65535,280|0
walk,1,128,1297|0,-284|65535,280|0
walk,1,128,1299|0,-337|65535,280|0
walk,1,128,1199|0,-341|65535,280|0
walk,1,128,1007|0,-337|65535,280|0
walk,1,128,774|0,-337|65535,280|0
walk,1,128,630|0,-341|65535,280|0
walk,1,128,624|0,-245|65535,280|0
walk,1,128,614|0,-80|65535,280|0
walk,1,128,620|0,-42|65535,280|0
walk,1,128,611|0,-25|65535,284|0
walk,1,128,556|0,52|0,284|0
walk,1,128,516|0,112|0,284|0
walk,1,128,488|0,196|0,284|0
walk,1,128,523|0,272|0,284|0
walk,1,128,573|0,339|0,284|0
walk,1,128,597|0,394|0,284|0
walk,1,128,612|0,459|0,280|0
walk,1,128,617|0,497|0,280|0
walk,1,128,624|0,542|0,280|0
walk,1,128,649|0,586|0,280|0
walk,1,128,668|0,643|0,280|0
walk,1,128,662|0,702|0,280|0
walk,1,128,625|0,735|0,285|0
walk,1,128,559|0,764|0,293|0
walk,1,128,510|0,783|0,296|0
walk,1,128,454|0,784|0,301|0
walk,1,128,426|0,769|0,303|0
walk,1,128,356|0,725|0,308|0
walk,1,128,296|0,689|0,313|0
walk,1,128,219|0,644|0,324|0
walk,1,128,131|0,614|0,340|0
walk,1,128,24|0,607|0,356|0
walk,1,128,-38|65535,599|0,365|0
walk,1,128,-129|65535,641|0,376|0
walk,1,128,-196|65535,664|0,381|0
walk,1,128,-282|65535,702|0,389|0
walk,1,128,-322|65535,698|0,394|0
walk,1,128,-389|65535,690|0,402|0
walk,1,128,-423|65535,680|0,406|0
walk,1,128,-471|65535,649|0,414|0
walk,1,128,-490|65535,624|0,417|0
walk,1,128,-495|65535,584|0,419|0
walk,1,128,-498|65535,542|0,420|0
walk,1,128,-499|65535,503|0,419|0
walk,1,128,-502|65535,464|0,420|0
walk,1,128,-471|65535,443|0,419|0
walk,1,128,-377|65535,442|0,419|0
walk,1,128,-267|65535,444|0,419|0
walk,1,128,-77|65535,443|0,420|0
walk,1,128,-65|65535,277|0,420|0
walk,1,128,-44|65535,66|0,420|0
walk,1,128,-42|65535,6|0,420|0
walk,1,128,9|0,0|0,420|0
walk,1,128,111|0,4|0,420|0
walk,1,128,158|0,10|0,420|0
walk,1,128,149|0,82|0,420|0
walk,1,128,146|0,192|0,420|0
walk,1,128,208|0,195|0,420|0
walk,1,128,312|0,199|0,420|0
walk,1,128,501|0,201|0,420|0
walk,1,128,621|0,201|0,420|0
