walk,153,102,927,1627,-106
walk,153,102,837,1684,-106
walk,153,102,366,1863,-106
walk,153,102,101,1870,-105
walk,152,102,1668,1863,-104
walk,152,102,1361,1876,-99
walk,152,102,1115,1873,-96
walk,152,102,879,1874,-93
walk,152,102,557,1878,-103
walk,152,102,239,1889,-112
walk,152,102,40,1897,-121
walk,151,102,1783,1725,-123
walk,151,102,1425,1711,-123
walk,151,102,1138,1719,-118
walk,151,102,739,1786,-108
walk,151,102,370,1845,-114
walk,150,102,1833,1873,-117
walk,150,102,1547,1880,-107
walk,150,103,1224,63,-61
walk,150,103,996,190,-34
walk,150,103,687,404,-6
walk,150,103,407,823,-5
walk,150,103,215,1102,-14
walk,150,103,16,1360,-10
walk,149,103,1723,1680,-31
walk,149,104,1561,42,-31
walk,149,104,1412,295,-25
walk,149,104,1117,707,-16
walk,149,104,827,1018,6
walk,149,104,517,1329,58
walk,149,104,159,1680,128
walk,148,105,1807,92,212
walk,148,105,1434,563,323
walk,148,105,1249,855,408
walk,148,105,1041,1142,444
walk,148,105,782,1354,463
walk,148,105,155,1708,452
walk,147,105,1750,1889,452
walk,147,105,1613,1967,474
wait,5000
walk,1,128,984|0,-1099|65535,0|0
walk,1,128,991|0,-1353|65535,0|0
walk,1,128,1026|0,-1383|65535,0|0
walk,1,128,1332|0,-1392|65535,0|0
walk,1,128,1366|0,-1433|65535,0|0
walk,1,128,1363|0,-1682|65535,0|0
walk,1,128,1615|0,-1900|65535,0|0
walk,1,128,1664|0,-1929|65535,0|0
walk,1,128,1820|0,-1918|65535,0|0
walk,1,128,1826|0,-1729|65535,0|0
walk,1,128,2027|0,-1728|65535,0|0
walk,1,128,2231|0,-1847|65535,-10|65535
walk,1,128,2462|0,-1965|65535,-10|65535
walk,1,128,2632|0,-2076|65535,0|0
walk,1,128,2799|0,-2181|65535,0|0
walk,1,128,2842|0,-2236|65535,0|0
walk,1,128,2801|0,-2342|65535,0|0
walk,1,128,2651|0,-2472|65535,15|0
walk,1,128,2460|0,-2510|65535,36|0
walk,1,128,2235|0,-2362|65535,61|0
walk,1,128,2013|0,-2354|65535,86|0
walk,1,128,1811|0,-2490|65535,106|0
walk,1,128,1657|0,-2510|65535,125|0
walk,1,128,1548|0,-2422|65535,140|0
walk,1,128,1449|0,-2186|65535,140|0
walk,1,128,1483|0,-1946|65535,140|0
walk,1,128,1370|0,-1698|65535,140|0
walk,1,128,1357|0,-1445|65535,140|0
walk,1,128,1344|0,-1397|65535,140|0
walk,1,128,947|0,-1382|65535,140|0
walk,1,128,712|0,-1392|65535,140|0
walk,1,128,666|0,-1607|65535,140|0
walk,1,128,755|0,-1795|65535,141|0
walk,1,128,803|0,-2008|65535,143|0
walk,1,128,789|0,-2247|65535,140|0
walk,1,128,776|0,-2351|65535,140|0
walk,1,128,669|0,-2430|65535,154|0
walk,1,128,476|0,-2482|65535,173|0
walk,1,128,314|0,-2370|65535,189|0
walk,1,128,129|0,-2346|65535,215|0
walk,1,128,-103|65535,-2427|65535,244|0
walk,1,128,-327|65535,-2453|65535,262|0
walk,1,128,-424|65535,-2341|65535,279|0
walk,1,128,-442|65535,-2183|65535,280|0
walk,1,128,-317|65535,-1988|65535,281|0
walk,1,128,-254|65535,-1870|65535,284|0
walk,1,128,12|0,-1741|65535,280|0
walk,1,128,222|0,-1728|65535,280|0
walk,1,128,231|0,-1935|65535,280|0
walk,1,128,418|0,-1922|65535,280|0
walk,1,128,585|0,-1820|65535,284|0
walk,1,128,687|0,-1619|65535,280|0
walk,1,128,680|0,-1415|65535,280|0
walk,1,128,819|0,-1389|65535,280|0
walk,1,128,1218|0,-1388|65535,280|0
walk,1,128,1354|0,-1393|65535,280|0
walk,1,128,1361|0,-1658|65535,280|0
walk,1,128,1443|0,-1903|65535,284|0
walk,1,128,1365|0,-2204|65535,280|0
walk,1,128,1341|0,-2358|65535,280|0
walk,1,128,1319|0,-2310|65535,280|0
walk,1,128,1316|0,-2356|65535,280|0
walk,1,128,1365|0,-2465|65535,286|0
walk,1,128,1512|0,-2513|65535,300|0
walk,1,128,1694|0,-2394|65535,315|0
walk,1,128,1877|0,-2330|65535,345|0
walk,1,128,2074|0,-2324|65535,372|0
walk,1,128,2180|0,-2418|65535,381|0
walk,1,128,2333|0,-2417|65535,398|0
walk,1,128,2428|0,-2381|65535,411|0
walk,1,128,2471|0,-2329|65535,418|0
walk,1,128,2479|0,-2180|65535,420|0
walk,1,128,2217|0,-2183|65535,420|0
walk,1,128,2050|0,-2153|65535,420|0
walk,1,128,2045|0,-1968|65535,420|0
walk,1,128,2066|0,-1820|65535,420|0
walk,1,128,2284|0,-1670|65535,420|0
walk,1,128,2450|0,-1636|65535,420|0
walk,1,128,2471|0,-1542|65535,420|0
