walk,153,102,620,1664,-106
walk,153,102,362,1784,-106
walk,153,102,88,1876,-105
walk,152,102,1636,1882,-104
walk,152,102,1400,1877,-100
walk,152,103,1181,56,-99
walk,152,103,1069,6,-96
walk,152,102,1038,1919,-96
walk,152,103,733,87,-102
walk,152,103,385,107,-111
walk,152,103,67,103,-121
walk,151,103,1521,109,-123
walk,151,103,1264,121,-119
walk,151,103,770,202,-104
walk,151,103,389,259,-102
walk,151,103,108,255,-90
walk,150,103,1619,136,-119
walk,150,103,1523,138,-96
walk,150,103,1236,115,-55
walk,150,103,1009,181,-36
walk,150,103,818,396,0
walk,150,103,548,587,0
walk,150,103,244,747,8
walk,150,103,302,868,-2
walk,150,103,130,1173,-7
walk,149,103,1863,1475,-13
walk,149,103,1641,1841,-38
walk,149,104,1370,335,-23
walk,149,104,1388,314,-24
walk,149,104,1157,650,-16
walk,149,104,898,1009,0
walk,149,104,713,1247,24
walk,149,104,462,1412,74
walk,149,104,187,1686,125
walk,148,105,1886,3,190
walk,148,105,1698,202,246
walk,148,105,1509,397,290
walk,148,105,1343,621,347
walk,148,105,1225,839,405
walk,148,105,987,1141,443
walk,148,105,817,1314,458
walk,148,105,428,1543,456
walk,147,105,1800,1862,452
walk,147,105,1676,1936,474
killhorse
walk,147,106,1618,46,474
wait,5000
walk,1,128,1004|0,-789|65535,0|0
walk,1,128,990|0,-658|65535,0|0
walk,1,128,988|0,-466|65535,0|0
walk,1,128,984|0,-342|65535,0|0
walk,1,128,823|0,-339|65535,0|0
walk,1,128,644|0,-333|65535,0|0
walk,1,128,622|0,-166|65535,0|0
walk,1,128,606|0,8|0,0|0
walk,1,128,369|0,172|0,-1|65535
walk,1,128,185|0,203|0,0|0
walk,1,128,153|0,83|0,0|0
walk,1,128,133|0,9|0,0|0
walk,1,128,-8|65535,1|0,0|0
walk,1,128,-240|65535,135|0,-10|65535
walk,1,128,-578|65535,327|0,-5|65535
walk,1,128,-812|65535,448|0,0|0
walk,1,128,-866|65535,483|0,0|0
walk,1,128,-841|65535,589|0,0|0
walk,1,128,-702|65535,707|0,9|0
walk,1,128,-576|65535,770|0,26|0
walk,1,128,-461|65535,766|0,38|0
walk,1,128,-335|65535,668|0,50|0
walk,1,128,-161|65535,610|0,71|0
walk,1,128,-12|65535,666|0,89|0
walk,1,128,179|0,763|0,107|0
walk,1,128,394|0,735|0,135|0
walk,1,128,481|0,585|0,140|0
walk,1,128,515|0,497|0,140|0
walk,1,128,542|0,370|0,140|0
walk,1,128,483|0,93|0,142|0
walk,1,128,621|0,-101|65535,140|0
walk,1,128,626|0,-325|65535,139|0
walk,1,128,775|0,-343|65535,139|0
walk,1,128,1112|0,-345|65535,139|0
walk,1,128,1276|0,-329|65535,139|0
walk,1,128,1297|0,-190|65535,139|0
walk,1,128,1304|0,34|0,140|0
walk,1,128,1136|0,274|0,140|0
walk,1,128,1183|0,443|0,140|0
walk,1,128,1183|0,584|0,140|0
walk,1,128,1267|0,683|0,149|0
walk,1,128,1442|0,735|0,167|0
walk,1,128,1537|0,713|0,177|0
walk,1,128,1756|0,611|0,202|0
walk,1,128,1994|0,644|0,233|0
walk,1,128,2143|0,732|0,250|0
walk,1,128,2347|0,712|0,266|0
walk,1,128,2431|0,537|0,279|0
walk,1,128,2406|0,463|0,280|0
walk,1,128,2402|0,324|0,280|0
walk,1,128,2201|0,107|0,284|0
walk,1,128,2056|0,13|0,280|0
walk,1,128,1814|0,-1|65535,280|0
walk,1,128,1727|0,0|0,280|0
walk,1,128,1749|0,85|0,280|0
walk,1,128,1766|0,221|0,280|0
walk,1,128,1654|0,197|0,280|0
walk,1,128,1520|0,208|0,284|0
walk,1,128,1322|0,-31|65535,284|0
walk,1,128,1281|0,-236|65535,280|0
walk,1,128,1270|0,-348|65535,280|0
walk,1,128,951|0,-320|65535,280|0
walk,1,128,730|0,-333|65535,280|0
walk,1,128,604|0,-327|65535,280|0
walk,1,128,623|0,-106|65535,280|0
walk,1,128,632|0,-2|65535,284|0
walk,1,128,729|0,227|0,284|0
walk,1,128,617|0,500|0,280|0
walk,1,128,626|0,596|0,280|0
walk,1,128,686|0,693|0,280|0
walk,1,128,659|0,583|0,280|0
walk,1,128,662|0,708|0,281|0
walk,1,128,479|0,772|0,299|0
walk,1,128,280|0,663|0,315|0
walk,1,128,144|0,612|0,338|0
walk,1,128,-39|65535,597|0,365|0
walk,1,128,-257|65535,699|0,386|0
walk,1,128,-408|65535,675|0,405|0
walk,1,128,-499|65535,602|0,418|0
walk,1,128,-493|65535,466|0,420|0
walk,1,128,-292|65535,431|0,419|0
walk,1,128,-96|65535,423|0,419|0
walk,1,128,-85|65535,80|0,420|0
walk,1,128,-92|65535,4|0,420|0
walk,1,128,-298|65535,-10|65535,420|0