walk,153,102,927,1627,-106
walk,153,102,837,1684,-106
walk,153,102,366,1863,-106
walk,153,102,101,1870,-105
walk,152,102,1668,1863,-104
walk,152,102,1361,1876,-99
walk,152,102,1115,1873,-96
walk,152,102,879,1874,-93
walk,152,102,557,1878,-103
walk,152,102,239,1889,-112
walk,152,102,40,1897,-121
walk,151,102,1783,1725,-123
walk,151,102,1425,1711,-123
walk,151,102,1138,1719,-118
walk,151,102,739,1786,-108
walk,151,102,370,1845,-114
walk,150,102,1833,1873,-117
walk,150,102,1547,1880,-107
walk,150,103,1224,63,-61
walk,150,103,996,190,-34
walk,150,103,687,404,-6
walk,150,103,407,823,-5
walk,150,103,215,1102,-14
walk,150,103,16,1360,-10
walk,149,103,1723,1680,-31
walk,149,104,1561,42,-31
walk,149,104,1412,295,-25
walk,149,104,1117,707,-16
walk,149,104,827,1018,6
walk,149,104,517,1329,58
walk,149,104,159,1680,128
walk,148,105,1807,92,212
walk,148,105,1434,563,323
walk,148,105,1249,855,408
walk,148,105,1041,1142,444
walk,148,105,782,1354,463
walk,148,105,155,1708,452
walk,147,105,1750,1889,452
walk,147,105,1613,1967,474
wait,5000
walk,1,128,990|0,-659|65535,0|0
walk,1,128,984|0,-359|65535,0|0
walk,1,128,669|0,-336|65535,0|0
walk,1,128,626|0,-302|65535,0|0
walk,1,128,620|0,8|0,0|0
walk,1,128,344|0,189|0,0|0
walk,1,128,166|0,202|0,0|0
walk,1,128,154|0,13|0,0|0
walk,1,128,-17|65535,3|0,0|0
walk,1,128,-307|65535,133|0,-10|65535
walk,1,128,-531|65535,261|0,-10|65535
walk,1,128,-662|65535,334|0,0|0
walk,1,128,-817|65535,428|0,0|0
walk,1,128,-849|65535,496|0,0|0
walk,1,128,-852|65535,571|0,0|0
walk,1,128,-738|65535,701|0,7|0
walk,1,128,-552|65535,766|0,29|0
walk,1,128,-473|65535,767|0,37|0
walk,1,128,-289|65535,651|0,55|0
walk,1,128,-179|65535,616|0,69|0
walk,1,128,-40|65535,633|0,86|0
walk,1,128,172|0,760|0,107|0
walk,1,128,286|0,784|0,120|0
walk,1,128,360|0,751|0,131|0
walk,1,128,443|0,689|0,139|0
walk,1,128,527|0,470|0,140|0
walk,1,128,512|0,391|0,140|0
walk,1,128,503|0,151|0,140|0
walk,1,128,615|0,-76|65535,140|0
walk,1,128,621|0,-263|65535,139|0
walk,1,128,639|0,-312|65535,139|0
walk,1,128,813|0,-333|65535,139|0
walk,1,128,1092|0,-335|65535,139|0
walk,1,128,1268|0,-325|65535,139|0
walk,1,128,1300|0,-220|65535,139|0
walk,1,128,1291|0,-57|65535,140|0
walk,1,128,1188|0,209|0,140|0
walk,1,128,1186|0,555|0,140|0
walk,1,128,1221|0,602|0,140|0
walk,1,128,1300|0,708|0,153|0
walk,1,128,1458|0,744|0,169|0
walk,1,128,1572|0,683|0,180|0
walk,1,128,1772|0,617|0,204|0
walk,1,128,1874|0,627|0,218|0
walk,1,128,2004|0,656|0,234|0
walk,1,128,2194|0,737|0,254|0
walk,1,128,2331|0,712|0,264|0
walk,1,128,2402|0,633|0,278|0
walk,1,128,2419|0,464|0,280|0
walk,1,128,2325|0,378|0,284|0
walk,1,128,2164|0,263|0,280|0
walk,1,128,1969|0,33|0,280|0
walk,1,128,1919|0,-9|65535,280|0
walk,1,128,1758|0,1|0,280|0
walk,1,128,1754|0,201|0,280|0
walk,1,128,1600|0,196|0,280|0
walk,1,128,1517|0,158|0,284|0
walk,1,128,1302|0,-97|65535,280|0
walk,1,128,1301|0,-347|65535,280|0
walk,1,128,1150|0,-337|65535,280|0
walk,1,128,762|0,-340|65535,280|0
walk,1,128,650|0,-339|65535,280|0
walk,1,128,634|0,-296|65535,280|0
walk,1,128,620|0,-90|65535,280|0
walk,1,128,550|0,70|0,284|0
walk,1,128,516|0,189|0,284|0
walk,1,128,620|0,472|0,280|0
walk,1,128,624|0,554|0,280|0
walk,1,128,655|0,610|0,280|0
walk,1,128,655|0,695|0,280|0
walk,1,128,600|0,731|0,287|0
walk,1,128,471|0,780|0,299|0
walk,1,128,406|0,759|0,305|0
walk,1,128,237|0,629|0,322|0
walk,1,128,-33|65535,586|0,364|0
walk,1,128,-261|65535,686|0,386|0
walk,1,128,-337|65535,698|0,396|0
walk,1,128,-448|65535,657|0,411|0
walk,1,128,-471|65535,621|0,416|0
walk,1,128,-509|65535,480|0,420|0
walk,1,128,-329|65535,459|0,420|0
walk,1,128,-81|65535,436|0,419|0
walk,1,128,-55|65535,241|0,420|0
walk,1,128,-38|65535,40|0,420|0
walk,1,128,-27|65535,9|0,420|0
walk,1,128,157|0,12|0,420|0
walk,1,128,154|0,195|0,420|0
walk,1,128,342|0,196|0,420|0
walk,1,128,469|0,146|0,424|0
walk,1,128,616|0,41|0,419|0
walk,1,128,621|0,-287|65535,420|0
walk,1,128,654|0,-328|65535,420|0
walk,1,128,975|0,-335|65535,420|0
walk,1,128,1261|0,-327|65535,420|0
walk,1,128,1287|0,-299|65535,420|0
walk,1,128,1301|0,-128|65535,420|0
walk,1,128,1302|0,6|0,420|0
walk,1,128,1319|0,205|0,419|0
walk,1,128,1402|0,201|0,419|0
