walk,153,102,865,1481,-106
walk,153,102,714,1658,-106
walk,153,102,482,1761,-106
walk,153,102,240,1857,-106
walk,153,102,56,1872,-104
walk,152,102,1691,1871,-104
walk,152,102,1429,1869,-100
walk,152,102,1183,1868,-97
walk,152,102,961,1868,-94
walk,152,102,701,1867,-99
walk,152,102,485,1816,-103
walk,152,102,271,1763,-106
walk,151,102,1886,1702,-123
walk,151,102,1663,1689,-123
walk,151,102,1414,1698,-123
walk,151,102,1151,1703,-118
walk,151,102,963,1750,-105
walk,151,102,665,1824,-105
walk,151,102,376,1893,-127
walk,151,102,138,1911,-123
walk,150,102,1683,1860,-128
walk,150,102,1351,1904,-79
walk,150,103,1030,129,-49
walk,150,103,821,283,-21
walk,150,103,687,471,0
walk,150,103,395,890,-9
walk,150,103,212,1150,-11
walk,150,103,24,1417,-12
walk,149,103,1710,1748,-38
walk,149,104,1458,192,-23
walk,149,104,1288,472,-20
walk,149,104,1117,744,-18
walk,149,104,915,1000,0
walk,149,104,786,1155,10
walk,149,104,610,1319,44
walk,149,104,346,1554,100
walk,149,104,48,1825,166
walk,148,105,1781,120,220
walk,148,105,1577,364,277
walk,148,105,1428,577,328
walk,148,105,1322,760,381
walk,148,105,1208,941,427
walk,148,105,1055,1147,447
walk,148,105,869,1318,461
walk,148,105,654,1491,463
walk,148,105,322,1648,452
walk,148,105,47,1784,452
walk,147,105,1762,1891,452
walk,147,105,1683,1935,474
killhorse
walk,147,106,1627,43,474
wait,5000
walk,1,128,981|0,-560|65535,0|0
walk,1,128,979|0,-365|65535,0|0
walk,1,128,776|0,-343|65535,0|0
walk,1,128,644|0,-325|65535,0|0
walk,1,128,618|0,-151|65535,0|0
walk,1,128,615|0,12|0,0|0
walk,1,128,487|0,138|0,-9|65535
walk,1,128,328|0,185|0,0|0
walk,1,128,188|0,195|0,0|0
walk,1,128,166|0,77|0,0|0
walk,1,128,135|0,21|0,0|0
walk,1,128,-50|65535,7|0,0|0
walk,1,128,-222|65535,119|0,-10|65535
walk,1,128,-433|65535,235|0,-10|65535
walk,1,128,-605|65535,313|0,-6|65535
walk,1,128,-837|65535,477|0,0|0
//1F to 2F
walk,1,128,-866|65535,520|0,0|0
walk,1,128,-827|65535,577|0,0|0
walk,1,128,-732|65535,713|0,7|0
walk,1,128,-545|65535,791|0,29|0
walk,1,128,-351|65535,689|0,48|0
walk,1,128,-171|65535,601|0,70|0
walk,1,128,-35|65535,609|0,86|0
walk,1,128,112|0,733|0,101|0
walk,1,128,288|0,779|0,120|0
walk,1,128,383|0,746|0,134|0
walk,1,128,461|0,612|0,139|0
walk,1,128,515|0,486|0,140|0
//2F
walk,1,128,613|0,319|0,140|0
walk,1,128,757|0,256|0,140|0
walk,1,128,667|0,40|0,140|0
walk,1,128,624|0,-85|65535,140|0
walk,1,128,624|0,-317|65535,139|0
walk,1,128,874|0,-339|65535,139|0
walk,1,128,1048|0,-341|65535,139|0
walk,1,128,1267|0,-329|65535,139|0
walk,1,128,1319|0,-113|65535,139|0
walk,1,128,1283|0,-54|65535,140|0
walk,1,128,1182|0,101|0,142|0
walk,1,128,1193|0,311|0,143|0
walk,1,128,1192|0,486|0,140|0
//2F to 3F
walk,1,128,1192|0,576|0,140|0
walk,1,128,1239|0,638|0,143|0
walk,1,128,1417|0,750|0,164|0
walk,1,128,1520|0,747|0,175|0
walk,1,128,1655|0,626|0,189|0
walk,1,128,1869|0,613|0,217|0
walk,1,128,2018|0,659|0,235|0
walk,1,128,2196|0,739|0,254|0
walk,1,128,2317|0,731|0,263|0
walk,1,128,2391|0,631|0,277|0
walk,1,128,2417|0,513|0,279|0
//3F
walk,1,128,2421|0,398|0,280|0
walk,1,128,2288|0,203|0,284|0
walk,1,128,2111|0,19|0,280|0
walk,1,128,1746|0,-8|65535,280|0
walk,1,128,1750|0,189|0,280|0
walk,1,128,1574|0,195|0,280|0
walk,1,128,1448|0,92|0,284|0
walk,1,128,1308|0,-68|65535,280|0
walk,1,128,1292|0,-317|65535,280|0
walk,1,128,1052|0,-329|65535,280|0
walk,1,128,823|0,-332|65535,280|0
walk,1,128,638|0,-327|65535,280|0
walk,1,128,609|0,-42|65535,280|0
walk,1,128,532|0,128|0,284|0
walk,1,128,530|0,263|0,284|0
walk,1,128,617|0,469|0,280|0
//3F to 4F
walk,1,128,625|0,519|0,280|0
walk,1,128,645|0,610|0,280|0
walk,1,128,669|0,607|0,280|0
walk,1,128,654|0,674|0,280|0
walk,1,128,566|0,763|0,292|0
walk,1,128,457|0,770|0,300|0
walk,1,128,313|0,697|0,312|0
walk,1,128,163|0,624|0,336|0
walk,1,128,-35|65535,595|0,364|0
walk,1,128,-221|65535,655|0,383|0
walk,1,128,-340|65535,694|0,396|0
walk,1,128,-434|65535,671|0,408|0
walk,1,128,-490|65535,603|0,418|0
walk,1,128,-508|65535,478|0,420|0
walk,1,128,-387|65535,451|0,419|0
walk,1,128,-218|65535,434|0,419|0
walk,1,128,-70|65535,430|0,420|0
walk,1,128,-63|65535,225|0,420|0
walk,1,128,-51|65535,3|0,420|0
walk,1,128,141|0,0|0,420|0
walk,1,128,167|0,172|0,420|0
walk,1,128,351|0,198|0,420|0
walk,1,128,433|0,187|0,419|0
walk,1,128,544|0,97|0,424|0
walk,1,128,625|0,-98|65535,419|0
walk,1,128,627|0,-292|65535,420|0
walk,1,128,649|0,-330|65535,420|0
walk,1,128,904|0,-342|65535,420|0
walk,1,128,1117|0,-339|65535,420|0
walk,1,128,1261|0,-331|65535,420|0
walk,1,128,1288|0,-288|65535,420|0
walk,1,128,1296|0,-137|65535,420|0
walk,1,128,1311|0,13|0,419|0
walk,1,128,1321|0,166|0,419|0
