walk,168,97,989,1467,-26
walk,168,97,1018,1662,0
walk,168,97,985,1474,-18
walk,168,97,1018,1660,0
walk,168,97,1412,1733,-6
walk,169,97,4,1748,-4
walk,169,97,560,1767,-5
walk,169,97,1079,1790,-5
walk,169,97,1497,1812,0
walk,169,97,1773,1815,0
walk,169,97,1820,1649,0
walk,170,97,31,1528,7
walk,170,97,278,1505,1
walk,170,97,581,1576,3
walk,170,97,1106,1691,-2
walk,170,97,1705,1821,-20
walk,171,97,324,1893,-30
walk,171,97,721,1901,-27
walk,171,97,1158,1880,-6
walk,171,97,1730,1880,28
walk,172,97,438,1890,67
walk,172,98,802,67,116
walk,172,98,910,261,142
walk,172,98,955,702,185
walk,172,98,960,1038,183
walk,172,98,973,1688,67
walk,172,99,979,244,22
walk,172,99,958,588,36
walk,172,99,932,951,51
walk,172,99,924,1392,55
walk,172,99,926,1886,50
walk,172,100,924,461,49
walk,172,100,922,936,49
walk,172,100,920,1407,49
walk,172,100,917,1789,50
walk,172,101,918,356,50
walk,172,101,919,841,50
walk,172,101,947,1340,50
walk,172,101,941,1222,50
walk,172,101,950,1532,66
walk,172,101,948,1785,87
walk,172,102,954,379,1
walk,172,102,953,894,22
walk,172,102,956,1139,81
walk,172,102,957,1417,101
walk,172,102,960,1656,111
walk,172,102,960,1769,150
walk,172,102,961,1843,150
wait,5000
walk,-24568,6624,-76
walk,-24561,6650,-76
walk,-24553,6681,-76
walk,-24543,6714,-76
walk,-24530,6748,-75
walk,-24517,6783,-75
walk,-24504,6818,-75
walk,-24481,6849,-34
walk,-24456,6878,0
walk,-24436,6903,0
walk,-24434,6907,0
walk,-24434,6929,0
walk,-24430,6964,0
walk,-24427,7001,0
walk,-24425,7042,0
walk,-24422,7083,0
walk,-24420,7125,0
walk,-24417,7166,0
walk,-24415,7212,0
walk,-24413,7258,0
walk,-24411,7287,0
walk,-24411,7318,55
walk,-24411,7344,125
walk,-24412,7375,181
walk,-24417,7412,214
walk,-24424,7439,223
walk,-24444,7460,223
walk,-24480,7490,223
walk,-24521,7524,223
walk,-24536,7537,223
walk,-24553,7551,223
walk,-24576,7571,223
wait,5000
walk,-26112,7467,0
walk,-26070,7468,0
walk,-26050,7469,0
walk,-26037,7469,0
walk,-26011,7470,-46
walk,-25978,7470,-46
walk,-25943,7471,-46
walk,-25924,7471,-19
walk,-25899,7471,0
walk,-25860,7471,0
walk,-25835,7471,0
walk,-25811,7471,0
walk,-25799,7471,0
wait,5000
walk,-25574,7462,0
walk,-25549,7445,0
walk,-25514,7419,0
walk,-25491,7400,0
walk,-25473,7383,0
walk,-25451,7356,0
walk,-25432,7330,0
walk,-25415,7304,0
walk,-25397,7276,0
walk,-25384,7256,0
walk,-25373,7238,0
wait,5000
walk,-25395,7048,2
walk,-25413,7026,0
walk,-25431,7005,0
walk,-25453,6984,0
walk,-25480,6963,0
walk,-25498,6949,0
walk,-25516,6935,0
walk,-25530,6924,0
walk,-25548,6910,0
wait,5000
walk,-25851,6879,0
walk,-25872,6859,0
walk,-25891,6839,0
walk,-25911,6818,0
walk,-25930,6797,0
walk,-25948,6777,0
walk,-25960,6763,0
walk,-25975,6741,0
wait,5000
walk,-25948,6511,0
walk,-25929,6486,0
walk,-25901,6455,0
walk,-25873,6424,0
walk,-25846,6399,0
walk,-25818,6379,0
walk,-25792,6363,0
walk,-25767,6346,0
walk,-25742,6330,0
wait,5000
walk,-25499,6332,0
walk,-25472,6331,0
walk,-25444,6331,0
walk,-25408,6332,-46
walk,-25379,6333,-46
walk,-25353,6333,-46
walk,-25324,6334,-23
walk,-25304,6333,0
walk,-25267,6333,0
walk,-25230,6332,0
walk,-25217,6331,0
walk,-25200,6331,0
wait,5000
walk,-24908,6332,0
walk,-24883,6331,0
walk,-24857,6330,0
walk,-24831,6329,0
walk,-24798,6326,-46
walk,-24774,6326,-46
walk,-24736,6326,-46
walk,-24718,6325,-19
walk,-24696,6324,0
walk,-24667,6324,0
walk,-24637,6324,0
walk,-24610,6324,0
walk,-24596,6325,0
wait,5000
walk,-24284,6331,0
walk,-24249,6331,0
walk,-24225,6330,0
walk,-24211,6330,0
walk,-24177,6329,-46
walk,-24148,6330,-46
walk,-24117,6330,-46
walk,-24091,6330,0
walk,-24058,6330,0
walk,-24031,6330,0
walk,-24004,6331,0
walk,-23985,6328,0
walk,-23975,6331,0
wait,5000
walk,-23744,6332,0
walk,-23708,6331,0
walk,-23680,6331,0
walk,-23649,6331,0
walk,-23629,6331,0
walk,-23588,6331,-46
walk,-23555,6330,-46
walk,-23523,6331,-46
walk,-23504,6331,-7
walk,-23467,6331,0
walk,-23445,6330,0
walk,-23412,6330,0
walk,-23385,6330,0
walk,-23361,6330,0
walk,-23346,6330,0
walk,-23325,6331,0
wait,5000
walk,-23093,6331,0
walk,-23063,6331,0
walk,-23032,6331,0
walk,-22988,6331,-46
walk,-22963,6330,-46
walk,-22932,6331,-46
walk,-22905,6331,-7
walk,-22873,6330,0
walk,-22852,6331,0
walk,-22831,6331,0
walk,-22814,6331,0
walk,-22802,6331,0
walk,-22785,6331,0
wait,5000
walk,6,128,10096|0,-5828|65535,0|0
walk,6,128,10330|0,-5828|65535,0|0
walk,6,128,10565|0,-5828|65535,0|0
walk,6,128,10810|0,-5828|65535,0|0
walk,6,128,11170|0,-5826|65535,0|0
walk,6,128,11422|0,-5825|65535,0|0
walk,6,128,11861|0,-5817|65535,-47|65535
walk,6,128,11998|0,-5723|65535,-47|65535
walk,6,128,12077|0,-5432|65535,-47|65535
walk,6,128,12094|0,-5282|65535,-1|65535
walk,6,128,12103|0,-5014|65535,0|0
walk,6,128,16704|0,-5834|65535,0|0
walk,6,128,16972|0,-5833|65535,0|0
walk,6,128,17240|0,-5832|65535,0|0
walk,6,128,17508|0,-5831|65535,0|0
walk,6,128,18028|0,-5827|65535,-47|65535
walk,6,128,18328|0,-5827|65535,-47|65535
walk,6,128,18634|0,-5825|65535,-5|65535
walk,6,128,19196|0,-5823|65535,0|0
walk,5,128,111|0,10|0,42|0
walk,5,128,-64|65535,135|0,42|0
walk,5,128,-453|65535,432|0,22|0
walk,5,128,-569|65535,588|0,42|0
walk,5,128,-840|65535,1136|0,26|0
walk,5,128,-976|65535,1376|0,59|0
walk,5,128,-1220|65535,1642|0,42|0
walk,5,128,-1389|65535,1786|0,34|0
walk,5,128,-1395|65535,2026|0,36|0
walk,5,128,-1194|65535,2693|0,28|0
walk,5,128,-1165|65535,3051|0,49|0
walk,5,128,-1174|65535,3445|0,73|0
walk,5,128,-1272|65535,3917|0,104|0
walk,5,128,-1407|65535,4391|0,129|0
walk,5,128,-1584|65535,4749|0,142|0
walk,5,128,-1621|65535,5082|0,162|0
walk,5,128,-1570|65535,5448|0,189|0
walk,5,128,-1461|65535,5760|0,218|0
walk,5,128,-1247|65535,6083|0,255|0
walk,5,128,-976|65535,6415|0,292|0
walk,5,128,-689|65535,6529|0,316|0
walk,5,128,-386|65535,6531|0,338|0
walk,5,128,-149|65535,6299|0,357|0
walk,5,128,-26|65535,5968|0,363|0
walk,5,128,107|0,5608|0,366|0
walk,5,128,248|0,5227|0,365|0
walk,5,128,508|0,4827|0,380|0
walk,5,128,1010|0,4699|0,463|0
walk,5,128,1456|0,4650|0,556|0
walk,5,128,1678|0,4647|0,608|0
walk,5,128,1973|0,4675|0,683|0
walk,5,128,2238|0,4721|0,690|0
walk,5,128,2606|0,4869|0,690|0
walk,5,128,2949|0,5006|0,690|0
walk,5,128,3335|0,5172|0,690|0
walk,5,128,3702|0,5452|0,690|0
walk,5,128,3911|0,5729|0,690|0
walk,5,128,3988|0,6079|0,690|0
walk,5,128,4061|0,6337|0,703|0
walk,5,128,4143|0,6575|0,698|0
walk,5,128,4221|0,6765|0,719|0
walk,5,128,4520|0,6871|0,719|0
walk,5,128,4751|0,6991|0,690|0 