walk,168,97,989,1467,-26
walk,168,97,1018,1662,0
walk,168,97,985,1474,-18
walk,168,97,1018,1660,0
walk,168,97,1412,1733,-6
walk,169,97,4,1748,-4
walk,169,97,560,1767,-5
walk,169,97,1079,1790,-5
walk,169,97,1497,1812,0
walk,169,97,1773,1815,0
walk,169,97,1820,1649,0
walk,170,97,31,1528,7
walk,170,97,278,1505,1
walk,170,97,581,1576,3
walk,170,97,1106,1691,-2
walk,170,97,1705,1821,-20
walk,171,97,324,1893,-30
walk,171,97,721,1901,-27
walk,171,97,1158,1880,-6
walk,171,97,1730,1880,28
walk,172,97,438,1890,67
walk,172,98,802,67,116
walk,172,98,910,261,142
walk,172,98,955,702,185
walk,172,98,960,1038,183
walk,172,98,973,1688,67
walk,172,99,979,244,22
walk,172,99,958,588,36
walk,172,99,932,951,51
walk,172,99,924,1392,55
walk,172,99,926,1886,50
walk,172,100,924,461,49
walk,172,100,922,936,49
walk,172,100,920,1407,49
walk,172,100,917,1789,50
walk,172,101,918,356,50
walk,172,101,919,841,50
walk,172,101,947,1340,50
walk,172,101,941,1222,50
walk,172,101,950,1532,66
walk,172,101,948,1785,87
walk,172,102,954,379,1
walk,172,102,953,894,22
walk,172,102,956,1139,81
walk,172,102,957,1417,101
walk,172,102,960,1656,111
walk,172,102,960,1769,150
walk,172,102,961,1843,150
wait,5000
walk,-24568,6624,-76
walk,-24561,6650,-76
walk,-24553,6681,-76
walk,-24543,6714,-76
walk,-24530,6748,-75
walk,-24517,6783,-75
walk,-24504,6818,-75
walk,-24481,6849,-34
walk,-24456,6878,0
walk,-24436,6903,0
walk,-24434,6907,0
walk,-24434,6929,0
walk,-24430,6964,0
walk,-24427,7001,0
walk,-24425,7042,0
walk,-24422,7083,0
walk,-24420,7125,0
walk,-24417,7166,0
walk,-24415,7212,0
walk,-24413,7258,0
walk,-24411,7287,0
walk,-24411,7318,55
walk,-24411,7344,125
walk,-24412,7375,181
walk,-24417,7412,214
walk,-24424,7439,223
walk,-24444,7460,223
walk,-24480,7490,223
walk,-24521,7524,223
walk,-24536,7537,223
walk,-24553,7551,223
walk,-24576,7571,223
wait,5000
walk,-26112,7467,0
walk,-26070,7468,0
walk,-26050,7469,0
walk,-26037,7469,0
walk,-26011,7470,-46
walk,-25978,7470,-46
walk,-25943,7471,-46
walk,-25924,7471,-19
walk,-25899,7471,0
walk,-25860,7471,0
walk,-25835,7471,0
walk,-25811,7471,0
walk,-25799,7471,0
wait,5000
walk,-25574,7462,0
walk,-25549,7445,0
walk,-25514,7419,0
walk,-25491,7400,0
walk,-25473,7383,0
walk,-25451,7356,0
walk,-25432,7330,0
walk,-25415,7304,0
walk,-25397,7276,0
walk,-25384,7256,0
walk,-25373,7238,0
wait,5000
walk,-25395,7048,2
walk,-25413,7026,0
walk,-25431,7005,0
walk,-25453,6984,0
walk,-25480,6963,0
walk,-25498,6949,0
walk,-25516,6935,0
walk,-25530,6924,0
walk,-25548,6910,0
wait,5000
walk,-25851,6879,0
walk,-25872,6859,0
walk,-25891,6839,0
walk,-25911,6818,0
walk,-25930,6797,0
walk,-25948,6777,0
walk,-25960,6763,0
walk,-25975,6741,0
wait,5000
walk,-25948,6511,0
walk,-25929,6486,0
walk,-25901,6455,0
walk,-25873,6424,0
walk,-25846,6399,0
walk,-25818,6379,0
walk,-25792,6363,0
walk,-25767,6346,0
walk,-25742,6330,0
wait,5000
walk,-25499,6332,0
walk,-25472,6331,0
walk,-25444,6331,0
walk,-25408,6332,-46
walk,-25379,6333,-46
walk,-25353,6333,-46
walk,-25324,6334,-23
walk,-25304,6333,0
walk,-25267,6333,0
walk,-25230,6332,0
walk,-25217,6331,0
walk,-25200,6331,0
wait,5000
walk,-24908,6332,0
walk,-24883,6331,0
walk,-24857,6330,0
walk,-24831,6329,0
walk,-24798,6326,-46
walk,-24774,6326,-46
walk,-24736,6326,-46
walk,-24718,6325,-19
walk,-24696,6324,0
walk,-24667,6324,0
walk,-24637,6324,0
walk,-24610,6324,0
walk,-24596,6325,0
wait,5000
walk,-24284,6331,0
walk,-24249,6331,0
walk,-24225,6330,0
walk,-24211,6330,0
walk,-24177,6329,-46
walk,-24148,6330,-46
walk,-24117,6330,-46
walk,-24091,6330,0
walk,-24058,6330,0
walk,-24031,6330,0
walk,-24004,6331,0
walk,-23985,6328,0
walk,-23975,6331,0
wait,5000
walk,-23744,6332,0
walk,-23708,6331,0
walk,-23680,6331,0
walk,-23649,6331,0
walk,-23629,6331,0
walk,-23588,6331,-46
walk,-23555,6330,-46
walk,-23523,6331,-46
walk,-23504,6331,-7
walk,-23467,6331,0
walk,-23445,6330,0
walk,-23412,6330,0
walk,-23385,6330,0
walk,-23361,6330,0
walk,-23346,6330,0
walk,-23325,6331,0
wait,5000
walk,-23093,6331,0
walk,-23063,6331,0
walk,-23032,6331,0
walk,-22988,6331,-46
walk,-22963,6330,-46
walk,-22932,6331,-46
walk,-22905,6331,-7
walk,-22873,6330,0
walk,-22852,6331,0
walk,-22831,6331,0
walk,-22814,6331,0
walk,-22802,6331,0
walk,-22785,6331,0
wait,5000
walk,5,128,307|0,42|0,72|0
walk,5,128,419|0,-154|65535,42|0
walk,5,128,634|0,-254|65535,42|0
walk,5,128,986|0,-191|65535,42|0
walk,5,128,1194|0,-19|65535,42|0
walk,5,128,1514|0,276|0,13|0
walk,5,128,1721|0,496|0,13|0
walk,5,128,1928|0,716|0,13|0
walk,5,128,2135|0,936|0,13|0
walk,5,128,2352|0,1099|0,15|0
walk,5,128,2642|0,1134|0,24|0
walk,5,128,3093|0,1112|0,55|0
walk,5,128,3490|0,1100|0,87|0
walk,5,128,3862|0,1105|0,118|0
walk,5,128,4179|0,1259|0,134|0
walk,5,128,4475|0,1473|0,143|0
walk,5,128,4769|0,1686|0,151|0
walk,5,128,5082|0,1806|0,158|0
walk,5,128,5367|0,1781|0,179|0
walk,5,128,5620|0,1723|0,199|0
walk,5,128,5902|0,1531|0,234|0
walk,5,128,6209|0,1335|0,268|0
walk,5,128,6443|0,1136|0,293|0
walk,5,128,6577|0,830|0,321|0
walk,5,128,6530|0,531|0,343|0
walk,5,128,6248|0,316|0,358|0
walk,5,128,5755|0,112|0,366|0
walk,5,128,5334|0,-72|65535,372|0
walk,5,128,4959|0,-281|65535,381|0
walk,5,128,4755|0,-701|65535,441|0
walk,5,128,4655|0,-1149|65535,528|0
walk,5,128,4609|0,-1519|65535,614|0
walk,5,128,4662|0,-1785|65535,684|0
walk,5,128,4729|0,-2048|65535,690|0
walk,5,128,4809|0,-2248|65535,690|0
walk,5,128,4904|0,-2473|65535,690|0
walk,5,128,4999|0,-2698|65535,690|0
walk,5,128,5126|0,-3145|65535,690|0
walk,5,128,5254|0,-3593|65535,690|0
walk,5,128,5369|0,-3977|65535,690|0
walk,5,128,5457|0,-4375|65535,735|0
walk,5,128,5515|0,-4576|65535,749|0
walk,5,128,5715|0,-5089|65535,719|0
walk,5,128,5889|0,-5458|65535,670|0
walk,5,128,5993|0,-5676|65535,670|0
walk,5,128,6206|0,-6024|65535,670|0
walk,5,128,6347|0,-6264|65535,681|0
walk,5,128,6451|0,-6328|65535,690|0
walk,5,128,6669|0,-6569|65535,683|0
walk,5,128,6688|0,-6747|65535,690|0
walk,5,128,6704|0,-7029|65535,690|0
walk,5,128,6559|0,-7418|65535,690|0
walk,5,128,6437|0,-7662|65535,690|0
walk,5,128,6294|0,-8051|65535,690|0
walk,5,128,6171|0,-8447|65535,690|0
walk,5,128,6165|0,-8829|65535,690|0
walk,5,128,6218|0,-9071|65535,690|0
walk,5,128,6397|0,-9252|65535,690|0
walk,5,128,6594|0,-9423|65535,690|0
walk,5,128,6872|0,-9513|65535,690|0
walk,5,128,7156|0,-9465|65535,690|0
walk,5,128,7462|0,-9326|65535,690|0
walk,5,128,7774|0,-9086|65535,690|0
walk,5,128,7996|0,-8896|65535,690|0
walk,5,128,8357|0,-8899|65535,689|0
walk,5,128,8747|0,-9025|65535,689|0
walk,5,128,8974|0,-9263|65535,689|0
walk,5,128,9245|0,-9537|65535,689|0
walk,5,128,9565|0,-9514|65535,689|0
walk,5,128,9847|0,-9308|65535,689|0
walk,5,128,10101|0,-8976|65535,689|0
walk,5,128,10206|0,-8744|65535,689|0
walk,5,128,10107|0,-8389|65535,689|0
walk,5,128,10013|0,-8087|65535,689|0
walk,5,128,9925|0,-7804|65535,689|0
walk,5,128,9830|0,-7562|65535,689|0
walk,5,128,9728|0,-7257|65535,689|0
walk,5,128,9686|0,-6931|65535,689|0
walk,5,128,9666|0,-6675|65535,689|0
walk,5,128,9667|0,-6449|65535,689|0
walk,5,128,9673|0,-6163|65535,689|0
walk,5,128,9722|0,-5765|65535,671|0
walk,5,128,9747|0,-5424|65535,665|0
walk,5,128,9741|0,-5303|65535,667|0 