walk,135,92,1066,365,244
wait,5000
teleport,2,25
wait,5000
walk,108,106,130,1574,180
walk,108,106,40,924,180
walk,108,106,20,582,180
walk,108,106,19,286,180
walk,108,106,3,301,180
walk,107,106,1918,90,180
walk,108,105,29,1712,180
walk,108,105,3,1422,199
walk,107,105,1910,1085,214
walk,107,105,1901,721,238
walk,107,105,1872,298,238
walk,107,104,1888,1798,242
walk,108,104,3,1540,235
walk,108,104,25,1214,170
walk,107,104,1901,883,178
walk,107,104,1851,509,190
walk,107,104,1767,298,184
walk,107,104,1642,84,211
walk,107,104,1608,10,264
walk,107,103,1318,1627,182
walk,107,103,1148,1457,219
walk,107,103,990,1573,204
walk,107,103,776,1726,190
walk,107,103,521,1756,232
walk,107,103,452,1701,281
