walk,108,106,267,1425,180
walk,108,106,326,1644,180
walk,108,106,384,1856,180
walk,108,107,400,147,180
walk,108,107,356,277,180
walk,108,107,279,347,180
quest,Daily Quest Manager Senlaf,Genie's Lamp
walk,108,107,315,290,180
walk,108,107,196,223,192
walk,108,107,75,152,192
//Teleport
wait,5000
teleport,GATE_CA,GATE_KT
wait,5000
walk,135,92,1128,160,244
walk,135,92,1133,269,244
walk,135,92,1164,382,244
wait,5000
teleport,GATE_KT,GATE_SD2
wait,5000
walk,51,92,105,519,1537
walk,51,92,118,516,1537
walk,51,92,281,393,1524
walk,51,92,472,416,1539
walk,51,92,708,545,1556
walk,51,92,1019,729,1560
walk,51,92,1309,907,1559
walk,51,92,1754,1119,1518
walk,52,92,215,1143,1466
walk,52,92,621,1022,1393
walk,52,92,1036,845,1323
walk,52,92,1333,590,1265
walk,52,92,1527,283,1210
walk,52,92,1738,76,1142
//Erste Kreutzung
walk,53,91,182,1911,1108
walk,53,91,539,1875,1105
walk,53,91,941,1692,1111
walk,53,91,1316,1547,1090
walk,53,91,1804,1433,1049
walk,54,91,321,1474,1027
walk,54,91,526,1512,1035
//Zweite Kreutzung
walk,54,91,937,1385,1015
walk,54,91,1239,1263,988
walk,54,91,1621,1143,936
walk,55,91,15,1029,907
walk,55,91,442,939,902
//Dritte Kreutzung
walk,55,91,763,1167,920
walk,55,91,1035,1446,959
walk,55,91,1278,1809,1014
walk,55,92,1480,182,1058
walk,55,92,1748,468,1112
walk,56,92,62,741,1155
walk,56,92,218,915,1195
walk,56,92,340,1077,1227
walk,56,92,370,1130,1233
wait,5000
teleport,GATE_DELTA_GATE_E,GATE_STORMDESERT_GATE
wait,5000
cast,Vital Increase
walk,65,84,968,1810,271
walk,65,84,1454,1875,196
walk,66,85,43,157,160
walk,66,85,413,547,164
walk,66,85,764,809,144
walk,66,85,1284,953,131
walk,66,85,1766,1073,157
walk,67,85,209,1169,152
walk,67,85,807,1199,30
walk,67,85,1298,1200,14
walk,67,85,1768,1352,43
walk,68,85,404,1356,17
walk,68,85,798,1408,73
walk,68,85,1363,1473,125
walk,68,85,1732,1523,154
walk,68,85,1854,1564,197
walk,69,85,342,1660,0
walk,69,85,756,1650,9
walk,69,85,1163,1531,-2
walk,69,85,1732,1420,-32
walk,70,85,317,1354,-39
walk,70,85,793,1084,-45
walk,70,85,1129,817,-59
walk,70,85,1432,575,-51
walk,70,85,1722,299,-49
walk,71,85,235,30,-42
walk,71,84,739,1878,-40
walk,71,84,1158,1755,-30
walk,71,84,1349,1811,-30
walk,71,84,1349,1811,-30
