walk,168,97,987,1432,-32
walk,168,97,987,1525,-3
walk,168,97,978,1744,-6
walk,168,97,1163,1758,-6
walk,168,97,1623,1766,-6
walk,169,97,39,1757,-4
walk,169,97,540,1765,-5
walk,169,97,1071,1790,-5
walk,169,97,1432,1826,0
walk,169,97,1626,1820,0
walk,169,97,1703,1820,0
walk,169,97,1774,1818,0
walk,169,97,1798,1818,0
walk,169,97,1822,1768,0
walk,169,97,1831,1707,0
walk,169,97,1860,1625,1
walk,169,97,1893,1567,2
walk,170,97,10,1536,7
walk,170,97,106,1529,7
walk,170,97,187,1539,3
walk,170,97,276,1563,0
walk,170,97,390,1621,0
walk,170,97,509,1703,0
walk,170,97,595,1756,-3
walk,170,97,737,1848,-24
walk,170,97,883,1846,-23
walk,170,97,1120,1842,-20
walk,170,97,1299,1836,-20
walk,170,97,1605,1860,-17
walk,171,98,200,46,-17
walk,171,98,647,94,4
walk,171,98,1280,163,35
walk,171,98,1585,233,87
walk,172,98,251,378,143
walk,172,98,524,535,193
walk,172,98,704,674,212
walk,172,98,968,869,192
walk,172,98,977,1132,172
walk,172,98,969,1706,65
walk,172,99,961,370,21
walk,172,99,948,722,47
walk,172,99,937,1274,54
walk,172,99,933,1871,50
walk,172,100,936,436,49
walk,172,100,933,1000,49
walk,172,100,929,1556,50
walk,172,101,929,157,50
walk,172,101,940,621,50
walk,172,101,949,1087,50
walk,172,101,945,1439,50
walk,172,101,946,1568,74
walk,172,101,947,1750,89
walk,172,102,951,398,1
walk,172,102,949,710,1
walk,172,102,952,958,38
walk,172,102,950,1145,85
walk,172,102,954,1268,99
walk,172,102,958,1476,111
walk,172,102,957,1661,111
walk,172,102,957,1746,140
walk,172,102,962,1797,150
walk,172,102,962,1843,150
wait,5000
walk,7,128,39|0,-2948|65535,-76|65535
walk,7,128,127|0,-2749|65535,-77|65535
walk,7,128,240|0,-2444|65535,-77|65535
walk,7,128,384|0,-2204|65535,-77|65535
walk,7,128,723|0,-1853|65535,-76|65535
walk,7,128,949|0,-1699|65535,-36|65535
walk,7,128,1136|0,-1532|65535,0|0
walk,7,128,1418|0,-1268|65535,0|0
walk,7,128,1568|0,-1106|65535,0|0
walk,7,128,1580|0,-732|65535,0|0
walk,7,128,1598|0,-281|65535,0|0
walk,7,128,1610|0,88|0,0|0
walk,7,128,1629|0,532|0,0|0
walk,7,128,1652|0,997|0,0|0
walk,7,128,1646|0,1466|0,0|0
walk,7,128,1651|0,2015|0,0|0
walk,7,128,1653|0,2548|0,0|0
walk,7,128,1663|0,2961|0,0|0
walk,7,128,1661|0,3379|0,0|0
walk,7,128,1668|0,3768|0,0|0
walk,7,128,1664|0,4107|0,67|0
walk,7,128,1667|0,4382|0,142|0
walk,7,128,1665|0,4852|0,203|0
walk,7,128,1661|0,5192|0,223|0
walk,7,128,1541|0,5433|0,223|0
walk,7,128,1137|0,5798|0,223|0
walk,7,128,693|0,6123|0,223|0
walk,7,128,405|0,6333|0,223|0
walk,7,128,99|0,6536|0,223|0
walk,7,128,0|0,6595|0,223|0
wait,5000
walk,6,128,-13302|65535,5592|0,0|0
walk,6,128,-12818|65535,5585|0,0|0
walk,6,128,-12640|65535,5595|0,0|0
walk,6,128,-12290|65535,5591|0,-47|65535
walk,6,128,-11967|65535,5591|0,-47|65535
walk,6,128,-11677|65535,5587|0,-47|65535
walk,6,128,-11390|65535,5586|0,0|0
walk,6,128,-10896|65535,5590|0,0|0
walk,6,128,-10558|65535,5599|0,0|0
walk,6,128,-10407|65535,5595|0,0|0
walk,6,128,-10352|65535,5598|0,0|0
wait,5000
walk,6,128,-8028|65535,5748|0,0|0
walk,6,128,-7703|65535,5984|0,0|0
walk,6,128,-7389|65535,6213|0,0|0
walk,6,128,-7147|65535,6407|0,0|0
walk,6,128,-6823|65535,6689|0,0|0
walk,6,128,-6613|65535,6923|0,0|0
walk,6,128,-6422|65535,7265|0,0|0
walk,6,128,-6302|65535,7485|0,0|0
walk,6,128,-6163|65535,7630|0,0|0
walk,6,128,-6020|65535,7823|0,0|0
walk,6,128,-5991|65535,7906|0,0|0
wait,5000
walk,6,128,12119|0,7082|0,0|0
walk,6,128,12116|0,6701|0,0|0
walk,6,128,12122|0,6356|0,0|0
walk,6,128,12118|0,6168|0,0|0
walk,6,128,12123|0,5881|0,-47|65535
walk,6,128,12123|0,5574|0,-47|65535
walk,6,128,12119|0,5292|0,-47|65535
walk,6,128,12114|0,5056|0,-3|65535
walk,6,128,12113|0,4855|0,0|0
walk,6,128,12113|0,4496|0,0|0
walk,6,128,12118|0,4127|0,0|0
walk,6,128,12125|0,3965|0,0|0
walk,6,128,12124|0,3913|0,0|0
wait,5000
walk,6,128,12148|0,1433|0,0|0
walk,6,128,11950|0,1256|0,0|0
walk,6,128,11765|0,1093|0,0|0
walk,6,128,11544|0,866|0,0|0
walk,6,128,11302|0,613|0,0|0
walk,6,128,11034|0,379|0,0|0
walk,6,128,10845|0,191|0,0|0
walk,6,128,10714|0,25|0,0|0
walk,6,128,10554|0,-6|65535,0|0
walk,6,128,10444|0,-16|65535,0|0
walk,6,128,10380|0,-22|65535,0|0
wait,5000
walk,6,128,7600|0,-24|65535,0|0
walk,6,128,7197|0,-28|65535,0|0
walk,6,128,6822|0,-27|65535,0|0
walk,6,128,6494|0,-22|65535,-47|65535
walk,6,128,6211|0,-25|65535,-47|65535
walk,6,128,5908|0,-23|65535,-47|65535
walk,6,128,5667|0,-22|65535,-2|65535
walk,6,128,5387|0,-21|65535,0|0
walk,6,128,4937|0,-20|65535,0|0
walk,6,128,4661|0,-23|65535,0|0
walk,6,128,4541|0,-21|65535,0|0
walk,6,128,4463|0,-21|65535,0|0
wait,5000
walk,6,128,2001|0,-8|65535,0|0
walk,6,128,1591|0,-14|65535,0|0
walk,6,128,1111|0,-14|65535,0|0
walk,6,128,695|0,-17|65535,0|0
walk,6,128,329|0,-25|65535,-47|65535
walk,6,128,-33|65535,-26|65535,-47|65535
walk,6,128,-339|65535,-13|65535,-47|65535
walk,6,128,-558|65535,-19|65535,0|0
walk,6,128,-865|65535,-21|65535,0|0
walk,6,128,-1206|65535,-20|65535,0|0
walk,6,128,-1583|65535,-22|65535,0|0
walk,6,128,-1933|65535,-23|65535,0|0
walk,6,128,-2237|65535,-27|65535,0|0
walk,6,128,-2321|65535,-28|65535,0|0
wait,5000
walk,6,128,-4643|65535,-16|65535,0|0
walk,6,128,-4963|65535,-4|65535,0|0
walk,6,128,-5344|65535,-8|65535,0|0
walk,6,128,-5509|65535,-23|65535,0|0
walk,6,128,-5863|65535,-30|65535,-47|65535
walk,6,128,-6171|65535,-29|65535,-47|65535
walk,6,128,-6469|65535,-40|65535,-47|65535
walk,6,128,-6644|65535,-37|65535,0|0
walk,6,128,-7090|65535,-23|65535,0|0
walk,6,128,-7482|65535,-17|65535,0|0
walk,6,128,-7697|65535,-20|65535,0|0
walk,6,128,-7804|65535,-21|65535,0|0
wait,5000
walk,6,128,-10651|65535,-27|65535,0|0
walk,6,128,-10819|65535,-218|65535,0|0
walk,6,128,-11003|65535,-424|65535,0|0
walk,6,128,-11216|65535,-635|65535,0|0
walk,6,128,-11440|65535,-866|65535,0|0
walk,6,128,-11642|65535,-1072|65535,0|0
walk,6,128,-11821|65535,-1260|65535,0|0
walk,6,128,-11991|65535,-1490|65535,0|0
walk,6,128,-12049|65535,-1620|65535,0|0
walk,6,128,-12071|65535,-1705|65535,0|0
wait,5000
walk,6,128,-12090|65535,-3885|65535,0|0
walk,6,128,-11914|65535,-4114|65535,0|0
walk,6,128,-11659|65535,-4422|65535,0|0
walk,6,128,-11429|65535,-4706|65535,0|0
walk,6,128,-11201|65535,-4946|65535,0|0
walk,6,128,-10930|65535,-5186|65535,0|0
walk,6,128,-10645|65535,-5442|65535,0|0
walk,6,128,-10432|65535,-5648|65535,0|0
walk,6,128,-10213|65535,-5761|65535,0|0
walk,6,128,-9973|65535,-5804|65535,0|0
walk,6,128,-9833|65535,-5817|65535,0|0
walk,6,128,-9754|65535,-5816|65535,0|0
wait,5000
walk,6,128,-7472|65535,-5798|65535,0|0
walk,6,128,-7071|65535,-5806|65535,0|0
walk,6,128,-6703|65535,-5807|65535,0|0
walk,6,128,-6453|65535,-5809|65535,-47|65535
walk,6,128,-6177|65535,-5819|65535,-47|65535
walk,6,128,-5925|65535,-5816|65535,-47|65535
walk,6,128,-5636|65535,-5820|65535,-47|65535
walk,6,128,-5404|65535,-5821|65535,0|0
walk,6,128,-5014|65535,-5823|65535,0|0
walk,6,128,-4671|65535,-5819|65535,0|0
walk,6,128,-4489|65535,-5813|65535,0|0
walk,6,128,-4340|65535,-5814|65535,0|0
wait,5000
walk,6,128,-1261|65535,-5821|65535,0|0
walk,6,128,-919|65535,-5823|65535,0|0
walk,6,128,-616|65535,-5823|65535,0|0
walk,6,128,-310|65535,-5823|65535,-47|65535
walk,6,128,0|0,-5819|65535,-47|65535
walk,6,128,314|0,-5814|65535,-47|65535
walk,6,128,572|0,-5816|65535,0|0
walk,6,128,886|0,-5819|65535,0|0
walk,6,128,1184|0,-5841|65535,0|0
walk,6,128,1515|0,-5872|65535,0|0
walk,6,128,1626|0,-5880|65535,0|0
walk,6,128,1691|0,-5882|65535,0|0
wait,5000
walk,6,128,4769|0,-5829|65535,0|0
walk,6,128,5138|0,-5816|65535,0|0
walk,6,128,5488|0,-5821|65535,0|0
walk,6,128,5633|0,-5819|65535,0|0
walk,6,128,5911|0,-5819|65535,-47|65535
walk,6,128,6236|0,-5814|65535,-47|65535
walk,6,128,6547|0,-5829|65535,-47|65535
walk,6,128,6767|0,-5829|65535,0|0
walk,6,128,7123|0,-5829|65535,0|0
walk,6,128,7473|0,-5823|65535,0|0
walk,6,128,7757|0,-5819|65535,0|0
walk,6,128,7884|0,-5814|65535,0|0
walk,6,128,7928|0,-5812|65535,0|0
wait,5000
walk,6,128,10070|0,-5856|65535,0|0
walk,6,128,10454|0,-5849|65535,0|0
walk,6,128,10802|0,-5848|65535,0|0
walk,6,128,11161|0,-5842|65535,0|0
walk,6,128,11464|0,-5845|65535,0|0
walk,6,128,11859|0,-5838|65535,-47|65535
walk,6,128,12144|0,-5840|65535,-47|65535
walk,6,128,12508|0,-5842|65535,-47|65535
walk,6,128,12752|0,-5839|65535,0|0
walk,6,128,13137|0,-5839|65535,0|0
walk,6,128,13482|0,-5835|65535,0|0
walk,6,128,13864|0,-5837|65535,0|0
walk,6,128,14151|0,-5827|65535,0|0
walk,6,128,14328|0,-5819|65535,0|0
walk,6,128,14442|0,-5817|65535,0|0
wait,5000
walk,6,128,16782|0,-5821|65535,0|0
walk,6,128,17185|0,-5815|65535,0|0
walk,6,128,17483|0,-5815|65535,0|0
walk,6,128,17809|0,-5816|65535,-47|65535
walk,6,128,18096|0,-5821|65535,-47|65535
walk,6,128,18433|0,-5825|65535,-47|65535
walk,6,128,18728|0,-5825|65535,0|0
walk,6,128,19065|0,-5824|65535,0|0
walk,6,128,19379|0,-5819|65535,0|0
walk,6,128,19684|0,-5817|65535,0|0
walk,6,128,19785|0,-5816|65535,0|0
walk,6,128,19827|0,-5815|65535,0|0
wait,5000
walk,5,128,340|0,-231|65535,42|0
walk,5,128,104|0,-190|65535,42|0
walk,5,128,-233|65535,-67|65535,42|0
walk,5,128,-560|65535,46|0,13|0
walk,5,128,-738|65535,81|0,42|0
walk,5,128,-1094|65535,133|0,13|0
walk,5,128,-1319|65535,88|0,13|0
walk,5,128,-1705|65535,27|0,13|0
walk,5,128,-1954|65535,-15|65535,32|0
walk,5,128,-2182|65535,-37|65535,55|0
walk,5,128,-2496|65535,-82|65535,34|0
walk,5,128,-2816|65535,-126|65535,53|0
walk,5,128,-3155|65535,-225|65535,74|0
walk,5,128,-3520|65535,-352|65535,97|0
walk,5,128,-3875|65535,-462|65535,118|0
walk,5,128,-4141|65535,-584|65535,130|0
walk,5,128,-4377|65535,-752|65535,136|0
walk,5,128,-4725|65535,-779|65535,160|0
walk,5,128,-5214|65535,-715|65535,200|0
walk,5,128,-5520|65535,-632|65535,228|0
walk,5,128,-5752|65535,-507|65535,253|0
walk,5,128,-6034|65535,-351|65535,281|0
walk,5,128,-6252|65535,-116|65535,308|0
walk,5,128,-6337|65535,132|0,329|0
walk,5,128,-6179|65535,464|0,354|0
walk,5,128,-5921|65535,605|0,363|0
walk,5,128,-5687|65535,727|0,369|0
walk,5,128,-5439|65535,828|0,372|0
walk,5,128,-5140|65535,937|0,372|0
walk,5,128,-4870|65535,1095|0,380|0
walk,5,128,-4752|65535,1195|0,389|0
walk,5,128,-4466|65535,1389|0,406|0
walk,5,128,-4315|65535,1663|0,450|0
walk,5,128,-4308|65535,2001|0,524|0
walk,5,128,-4357|65535,2307|0,600|0
walk,5,128,-4418|65535,2594|0,677|0
walk,5,128,-4541|65535,2874|0,690|0
walk,5,128,-4706|65535,3188|0,690|0
walk,5,128,-4907|65535,3470|0,690|0
walk,5,128,-5078|65535,3785|0,693|0
walk,5,128,-5241|65535,4097|0,690|0
walk,5,128,-5368|65535,4368|0,690|0
walk,5,128,-5481|65535,4598|0,690|0
walk,5,128,-5608|65535,4841|0,690|0
walk,5,128,-5731|65535,5139|0,719|0
walk,5,128,-5820|65535,5334|0,719|0
walk,5,128,-5936|65535,5651|0,690|0
walk,5,128,-6036|65535,5914|0,701|0
walk,5,128,-6188|65535,6329|0,684|0
walk,5,128,-6264|65535,6588|0,690|0
walk,5,128,-6288|65535,6817|0,688|0
walk,5,128,-6274|65535,7154|0,694|0
walk,5,128,-6273|65535,7294|0,697|0
walk,5,128,-6306|65535,7598|0,737|0
walk,5,128,-6310|65535,7998|0,690|0
walk,5,128,-6275|65535,8300|0,690|0
walk,5,128,-6229|65535,8549|0,690|0
walk,5,128,-6177|65535,8820|0,690|0
walk,5,128,-6121|65535,9122|0,690|0
walk,5,128,-6083|65535,9473|0,690|0
walk,5,128,-6093|65535,9766|0,690|0
walk,5,128,-6221|65535,9935|0,690|0
walk,5,128,-6388|65535,10113|0,690|0
walk,5,128,-6620|65535,10225|0,690|0
walk,5,128,-6782|65535,10288|0,690|0
walk,5,128,-6987|65535,10246|0,690|0
walk,5,128,-7275|65535,10125|0,690|0
walk,5,128,-7537|65535,9969|0,690|0
walk,5,128,-7790|65535,9803|0,690|0
walk,5,128,-8022|65535,9764|0,690|0
walk,5,128,-8287|65535,9812|0,689|0
walk,5,128,-8595|65535,9880|0,689|0
walk,5,128,-8832|65535,10090|0,689|0
walk,5,128,-9015|65535,10249|0,689|0
walk,5,128,-9177|65535,10347|0,689|0
walk,5,128,-9535|65535,10341|0,689|0
walk,5,128,-9681|65535,10151|0,689|0
walk,5,128,-9847|65535,9916|0,689|0
walk,5,128,-9887|65535,9733|0,689|0
walk,5,128,-9950|65535,9529|0,689|0
walk,5,128,-9903|65535,9189|0,689|0
walk,5,128,-9813|65535,8984|0,689|0
walk,5,128,-9763|65535,8730|0,689|0
walk,5,128,-9715|65535,8476|0,689|0
walk,5,128,-9649|65535,8160|0,689|0
walk,5,128,-9597|65535,7879|0,689|0
walk,5,128,-9554|65535,7639|0,689|0
walk,5,128,-9545|65535,7382|0,689|0
walk,5,128,-9554|65535,7222|0,689|0
walk,5,128,-9581|65535,6933|0,688|0
walk,5,128,-9604|65535,6690|0,672|0
walk,5,128,-9720|65535,6422|0,668|0
walk,5,128,-9833|65535,6148|0,698|0
walk,5,128,-9692|65535,6054|0,687|0
walk,5,128,-9797|65535,5616|0,694|0
walk,5,128,-9935|65535,5334|0,678|0
