walk,168,97,975,1746,-6
walk,168,97,1062,1756,-6
walk,168,97,1482,1756,-6
walk,169,97,42,1764,-4
walk,169,97,534,1760,-4
walk,169,97,979,1759,-4
walk,169,97,1377,1810,0
walk,169,97,1693,1815,0
walk,169,97,1770,1811,0
walk,169,97,1836,1680,0
walk,169,97,1886,1509,4
walk,170,97,113,1392,2
walk,170,97,294,1382,5
walk,170,97,459,1425,19
walk,170,97,775,1616,4
walk,170,97,1080,1741,-10
walk,170,97,1491,1818,-20
walk,170,97,1684,1838,-20
walk,171,97,218,1870,-26
walk,171,97,582,1876,-25
walk,171,97,915,1900,-12
walk,171,98,1285,21,14
walk,171,98,1709,159,74
walk,172,98,143,363,136
walk,172,98,299,522,184
walk,172,98,398,747,207
walk,172,98,514,1057,216
walk,172,98,578,1285,205
walk,172,98,863,1898,46
walk,172,99,933,341,20
walk,172,99,943,626,39
walk,172,99,931,974,51
walk,172,99,929,1381,55
walk,172,99,937,1904,50
walk,172,100,948,500,49
walk,172,100,956,1185,49
walk,172,100,944,1905,50
walk,172,101,943,371,50
walk,172,101,951,958,50
walk,172,101,954,1351,50
walk,172,101,950,1576,75
walk,172,101,951,1760,88
walk,172,101,952,2046,52
walk,172,102,960,537,1
walk,172,102,960,830,1
walk,172,102,956,992,38
walk,172,102,956,1205,99
walk,172,102,956,1564,111
walk,172,102,960,1743,138
walk,172,102,961,1844,150
wait,5000
walk,7,128,39|0,-2948|65535,-76|65535
walk,7,128,127|0,-2749|65535,-77|65535
walk,7,128,240|0,-2444|65535,-77|65535
walk,7,128,384|0,-2204|65535,-77|65535
walk,7,128,723|0,-1853|65535,-76|65535
walk,7,128,949|0,-1699|65535,-36|65535
walk,7,128,1136|0,-1532|65535,0|0
walk,7,128,1418|0,-1268|65535,0|0
walk,7,128,1568|0,-1106|65535,0|0
walk,7,128,1580|0,-732|65535,0|0
walk,7,128,1598|0,-281|65535,0|0
walk,7,128,1610|0,88|0,0|0
walk,7,128,1629|0,532|0,0|0
walk,7,128,1652|0,997|0,0|0
walk,7,128,1646|0,1466|0,0|0
walk,7,128,1651|0,2015|0,0|0
walk,7,128,1653|0,2548|0,0|0
walk,7,128,1663|0,2961|0,0|0
walk,7,128,1661|0,3379|0,0|0
walk,7,128,1668|0,3768|0,0|0
walk,7,128,1664|0,4107|0,67|0
walk,7,128,1667|0,4382|0,142|0
walk,7,128,1665|0,4852|0,203|0
walk,7,128,1661|0,5192|0,223|0
walk,7,128,1541|0,5433|0,223|0
walk,7,128,1137|0,5798|0,223|0
walk,7,128,693|0,6123|0,223|0
walk,7,128,405|0,6333|0,223|0
walk,7,128,99|0,6536|0,223|0
walk,7,128,0|0,6595|0,223|0
wait,5000
walk,6,128,-13302|65535,5592|0,0|0
walk,6,128,-12818|65535,5585|0,0|0
walk,6,128,-12640|65535,5595|0,0|0
walk,6,128,-12290|65535,5591|0,-47|65535
walk,6,128,-11967|65535,5591|0,-47|65535
walk,6,128,-11677|65535,5587|0,-47|65535
walk,6,128,-11390|65535,5586|0,0|0
walk,6,128,-10896|65535,5590|0,0|0
walk,6,128,-10558|65535,5599|0,0|0
walk,6,128,-10407|65535,5595|0,0|0
walk,6,128,-10352|65535,5598|0,0|0
wait,5000
walk,6,128,-8028|65535,5748|0,0|0
walk,6,128,-7703|65535,5984|0,0|0
walk,6,128,-7389|65535,6213|0,0|0
walk,6,128,-7147|65535,6407|0,0|0
walk,6,128,-6823|65535,6689|0,0|0
walk,6,128,-6613|65535,6923|0,0|0
walk,6,128,-6422|65535,7265|0,0|0
walk,6,128,-6302|65535,7485|0,0|0
walk,6,128,-6163|65535,7630|0,0|0
walk,6,128,-6020|65535,7823|0,0|0
walk,6,128,-5991|65535,7906|0,0|0
wait,5000
walk,6,128,12119|0,7082|0,0|0
walk,6,128,12116|0,6701|0,0|0
walk,6,128,12122|0,6356|0,0|0
walk,6,128,12118|0,6168|0,0|0
walk,6,128,12123|0,5881|0,-47|65535
walk,6,128,12123|0,5574|0,-47|65535
walk,6,128,12119|0,5292|0,-47|65535
walk,6,128,12114|0,5056|0,-3|65535
walk,6,128,12113|0,4855|0,0|0
walk,6,128,12113|0,4496|0,0|0
walk,6,128,12118|0,4127|0,0|0
walk,6,128,12125|0,3965|0,0|0
walk,6,128,12124|0,3913|0,0|0
wait,5000
walk,6,128,12148|0,1433|0,0|0
walk,6,128,11950|0,1256|0,0|0
walk,6,128,11765|0,1093|0,0|0
walk,6,128,11544|0,866|0,0|0
walk,6,128,11302|0,613|0,0|0
walk,6,128,11034|0,379|0,0|0
walk,6,128,10845|0,191|0,0|0
walk,6,128,10714|0,25|0,0|0
walk,6,128,10554|0,-6|65535,0|0
walk,6,128,10444|0,-16|65535,0|0
walk,6,128,10380|0,-22|65535,0|0
wait,5000
walk,6,128,7600|0,-24|65535,0|0
walk,6,128,7197|0,-28|65535,0|0
walk,6,128,6822|0,-27|65535,0|0
walk,6,128,6494|0,-22|65535,-47|65535
walk,6,128,6211|0,-25|65535,-47|65535
walk,6,128,5908|0,-23|65535,-47|65535
walk,6,128,5667|0,-22|65535,-2|65535
walk,6,128,5387|0,-21|65535,0|0
walk,6,128,4937|0,-20|65535,0|0
walk,6,128,4661|0,-23|65535,0|0
walk,6,128,4541|0,-21|65535,0|0
walk,6,128,4463|0,-21|65535,0|0
wait,5000
walk,6,128,2001|0,-8|65535,0|0
walk,6,128,1591|0,-14|65535,0|0
walk,6,128,1111|0,-14|65535,0|0
walk,6,128,695|0,-17|65535,0|0
walk,6,128,329|0,-25|65535,-47|65535
walk,6,128,-33|65535,-26|65535,-47|65535
walk,6,128,-339|65535,-13|65535,-47|65535
walk,6,128,-558|65535,-19|65535,0|0
walk,6,128,-865|65535,-21|65535,0|0
walk,6,128,-1206|65535,-20|65535,0|0
walk,6,128,-1583|65535,-22|65535,0|0
walk,6,128,-1933|65535,-23|65535,0|0
walk,6,128,-2237|65535,-27|65535,0|0
walk,6,128,-2321|65535,-28|65535,0|0
wait,5000
walk,6,128,-4643|65535,-16|65535,0|0
walk,6,128,-4963|65535,-4|65535,0|0
walk,6,128,-5344|65535,-8|65535,0|0
walk,6,128,-5509|65535,-23|65535,0|0
walk,6,128,-5863|65535,-30|65535,-47|65535
walk,6,128,-6171|65535,-29|65535,-47|65535
walk,6,128,-6469|65535,-40|65535,-47|65535
walk,6,128,-6644|65535,-37|65535,0|0
walk,6,128,-7090|65535,-23|65535,0|0
walk,6,128,-7482|65535,-17|65535,0|0
walk,6,128,-7697|65535,-20|65535,0|0
walk,6,128,-7804|65535,-21|65535,0|0
wait,5000
walk,6,128,-10651|65535,-27|65535,0|0
walk,6,128,-10819|65535,-218|65535,0|0
walk,6,128,-11003|65535,-424|65535,0|0
walk,6,128,-11216|65535,-635|65535,0|0
walk,6,128,-11440|65535,-866|65535,0|0
walk,6,128,-11642|65535,-1072|65535,0|0
walk,6,128,-11821|65535,-1260|65535,0|0
walk,6,128,-11991|65535,-1490|65535,0|0
walk,6,128,-12049|65535,-1620|65535,0|0
walk,6,128,-12071|65535,-1705|65535,0|0
wait,5000
walk,6,128,-12090|65535,-3885|65535,0|0
walk,6,128,-11914|65535,-4114|65535,0|0
walk,6,128,-11659|65535,-4422|65535,0|0
walk,6,128,-11429|65535,-4706|65535,0|0
walk,6,128,-11201|65535,-4946|65535,0|0
walk,6,128,-10930|65535,-5186|65535,0|0
walk,6,128,-10645|65535,-5442|65535,0|0
walk,6,128,-10432|65535,-5648|65535,0|0
walk,6,128,-10213|65535,-5761|65535,0|0
walk,6,128,-9973|65535,-5804|65535,0|0
walk,6,128,-9833|65535,-5817|65535,0|0
walk,6,128,-9754|65535,-5816|65535,0|0
wait,5000
walk,6,128,-7472|65535,-5798|65535,0|0
walk,6,128,-7071|65535,-5806|65535,0|0
walk,6,128,-6703|65535,-5807|65535,0|0
walk,6,128,-6453|65535,-5809|65535,-47|65535
walk,6,128,-6177|65535,-5819|65535,-47|65535
walk,6,128,-5925|65535,-5816|65535,-47|65535
walk,6,128,-5636|65535,-5820|65535,-47|65535
walk,6,128,-5404|65535,-5821|65535,0|0
walk,6,128,-5014|65535,-5823|65535,0|0
walk,6,128,-4671|65535,-5819|65535,0|0
walk,6,128,-4489|65535,-5813|65535,0|0
walk,6,128,-4340|65535,-5814|65535,0|0
wait,5000
walk,6,128,-1261|65535,-5821|65535,0|0
walk,6,128,-919|65535,-5823|65535,0|0
walk,6,128,-616|65535,-5823|65535,0|0
walk,6,128,-310|65535,-5823|65535,-47|65535
walk,6,128,0|0,-5819|65535,-47|65535
walk,6,128,314|0,-5814|65535,-47|65535
walk,6,128,572|0,-5816|65535,0|0
walk,6,128,886|0,-5819|65535,0|0
walk,6,128,1184|0,-5841|65535,0|0
walk,6,128,1515|0,-5872|65535,0|0
walk,6,128,1626|0,-5880|65535,0|0
walk,6,128,1691|0,-5882|65535,0|0
wait,5000
walk,6,128,4769|0,-5829|65535,0|0
walk,6,128,5138|0,-5816|65535,0|0
walk,6,128,5488|0,-5821|65535,0|0
walk,6,128,5633|0,-5819|65535,0|0
walk,6,128,5911|0,-5819|65535,-47|65535
walk,6,128,6236|0,-5814|65535,-47|65535
walk,6,128,6547|0,-5829|65535,-47|65535
walk,6,128,6767|0,-5829|65535,0|0
walk,6,128,7123|0,-5829|65535,0|0
walk,6,128,7473|0,-5823|65535,0|0
walk,6,128,7757|0,-5819|65535,0|0
walk,6,128,7884|0,-5814|65535,0|0
walk,6,128,7928|0,-5812|65535,0|0
wait,5000
walk,6,128,10070|0,-5856|65535,0|0
walk,6,128,10454|0,-5849|65535,0|0
walk,6,128,10802|0,-5848|65535,0|0
walk,6,128,11161|0,-5842|65535,0|0
walk,6,128,11464|0,-5845|65535,0|0
walk,6,128,11859|0,-5838|65535,-47|65535
walk,6,128,12144|0,-5840|65535,-47|65535
walk,6,128,12508|0,-5842|65535,-47|65535
walk,6,128,12752|0,-5839|65535,0|0
walk,6,128,13137|0,-5839|65535,0|0
walk,6,128,13482|0,-5835|65535,0|0
walk,6,128,13864|0,-5837|65535,0|0
walk,6,128,14151|0,-5827|65535,0|0
walk,6,128,14328|0,-5819|65535,0|0
walk,6,128,14442|0,-5817|65535,0|0
wait,5000
walk,6,128,16782|0,-5821|65535,0|0
walk,6,128,17185|0,-5815|65535,0|0
walk,6,128,17483|0,-5815|65535,0|0
walk,6,128,17809|0,-5816|65535,-47|65535
walk,6,128,18096|0,-5821|65535,-47|65535
walk,6,128,18433|0,-5825|65535,-47|65535
walk,6,128,18728|0,-5825|65535,0|0
walk,6,128,19065|0,-5824|65535,0|0
walk,6,128,19379|0,-5819|65535,0|0
walk,6,128,19684|0,-5817|65535,0|0
walk,6,128,19785|0,-5816|65535,0|0
walk,6,128,19827|0,-5815|65535,0|0
wait,5000
walk,5,128,-15|65535,36|0,42|0
walk,5,128,-291|65535,104|0,42|0
walk,5,128,-624|65535,176|0,14|0
walk,5,128,-898|65535,196|0,20|0
walk,5,128,-1241|65535,114|0,13|0
walk,5,128,-1745|65535,-70|65535,13|0
walk,5,128,-2171|65535,-220|65535,13|0
walk,5,128,-2702|65535,-349|65535,37|0
walk,5,128,-3224|65535,-373|65535,73|0
walk,5,128,-3773|65535,-523|65535,105|0
walk,5,128,-4172|65535,-630|65535,129|0
walk,5,128,-4432|65535,-714|65535,143|0
walk,5,128,-4765|65535,-806|65535,161|0
walk,5,128,-5150|65535,-874|65535,181|0
walk,5,128,-5448|65535,-904|65535,197|0
walk,5,128,-5775|65535,-811|65535,224|0
walk,5,128,-6103|65535,-546|65535,266|0
walk,5,128,-6329|65535,-299|65535,295|0
walk,5,128,-6473|65535,23|0,323|0
walk,5,128,-6512|65535,398|0,350|0
walk,5,128,-6241|65535,702|0,376|0
walk,5,128,-5901|65535,864|0,389|0
walk,5,128,-5504|65535,971|0,391|0
walk,5,128,-5045|65535,1060|0,384|0
walk,5,128,-4634|65535,1130|0,372|0
walk,5,128,-4395|65535,1267|0,379|0
walk,5,128,-4231|65535,1460|0,404|0
walk,5,128,-4230|65535,1769|0,469|0
walk,5,128,-4292|65535,2189|0,569|0
walk,5,128,-4357|65535,2511|0,654|0
walk,5,128,-4429|65535,2761|0,691|0
walk,5,128,-4588|65535,3100|0,690|0
walk,5,128,-4763|65535,3422|0,690|0
walk,5,128,-5006|65535,3867|0,696|0
walk,5,128,-5203|65535,4204|0,690|0
walk,5,128,-5480|65535,4635|0,690|0
walk,5,128,-5618|65535,4853|0,690|0
walk,5,128,-5794|65535,5083|0,719|0
walk,5,128,-5994|65535,5326|0,692|0
walk,5,128,-6006|65535,5557|0,690|0
walk,5,128,-5975|65535,5854|0,690|0
walk,5,128,-5995|65535,6018|0,690|0
walk,5,128,-6179|65535,6363|0,687|0
walk,5,128,-6268|65535,6610|0,690|0
walk,5,128,-6411|65535,6917|0,690|0
walk,5,128,-6526|65535,7178|0,670|0
walk,5,128,-6544|65535,7443|0,690|0
walk,5,128,-6504|65535,7813|0,690|0
walk,5,128,-6409|65535,8172|0,690|0
walk,5,128,-6288|65535,8509|0,690|0
walk,5,128,-6155|65535,8861|0,690|0
walk,5,128,-6026|65535,9168|0,690|0
walk,5,128,-5978|65535,9431|0,690|0
walk,5,128,-5993|65535,9732|0,690|0
walk,5,128,-6080|65535,10002|0,690|0
walk,5,128,-6251|65535,10234|0,690|0
walk,5,128,-6435|65535,10368|0,690|0
walk,5,128,-6655|65535,10381|0,690|0
walk,5,128,-6943|65535,10344|0,690|0
walk,5,128,-7251|65535,10236|0,690|0
walk,5,128,-7496|65535,10062|0,690|0
walk,5,128,-7721|65535,9848|0,690|0
walk,5,128,-7922|65535,9647|0,690|0
walk,5,128,-8217|65535,9668|0,689|0
walk,5,128,-8517|65535,9821|0,689|0
walk,5,128,-8631|65535,9884|0,689|0
walk,5,128,-8815|65535,10061|0,689|0
walk,5,128,-8998|65535,10321|0,689|0
walk,5,128,-9213|65535,10466|0,689|0
walk,5,128,-9468|65535,10404|0,689|0
walk,5,128,-9752|65535,10238|0,689|0
walk,5,128,-9912|65535,9998|0,689|0
walk,5,128,-10073|65535,9682|0,689|0
walk,5,128,-10046|65535,9439|0,689|0
walk,5,128,-9910|65535,9043|0,689|0
walk,5,128,-9781|65535,8661|0,689|0
walk,5,128,-9701|65535,8401|0,689|0
walk,5,128,-9603|65535,8132|0,689|0
walk,5,128,-9466|65535,7760|0,689|0
walk,5,128,-9492|65535,7499|0,689|0
walk,5,128,-9511|65535,7100|0,689|0
walk,5,128,-9518|65535,6775|0,667|0
walk,5,128,-9574|65535,6522|0,669|0
walk,5,128,-9869|65535,6471|0,666|0
walk,5,128,-10192|65535,6434|0,668|0
walk,5,128,-10491|65535,6399|0,682|0
walk,5,128,-10640|65535,6329|0,689|0
walk,5,128,-10909|65535,6152|0,689|0
walk,5,128,-11263|65535,6053|0,689|0
walk,5,128,-11781|65535,5990|0,703|0
walk,5,128,-12017|65535,5936|0,737|0
walk,5,128,-12404|65535,5844|0,749|0
walk,5,128,-12652|65535,5746|0,738|0
walk,5,128,-12863|65535,5557|0,716|0
walk,5,128,-13101|65535,5311|0,694|0
walk,5,128,-13366|65535,5242|0,683|0
walk,5,128,-13651|65535,5237|0,678|0
walk,5,128,-13838|65535,5559|0,709|0
walk,5,128,-14077|65535,6001|0,775|0
walk,5,128,-13902|65535,6313|0,823|0
walk,5,128,-13691|65535,6729|0,885|0
walk,5,128,-13738|65535,7517|0,1004|0
walk,5,128,-13774|65535,7645|0,1022|0
walk,5,128,-13880|65535,7905|0,1055|0
walk,5,128,-14081|65535,8129|0,1081|0
walk,5,128,-14350|65535,8212|0,1092|0
walk,5,128,-14660|65535,8254|0,1114|0
walk,5,128,-14892|65535,8273|0,1145|0
walk,5,128,-15229|65535,8310|0,1145|0
walk,5,128,-15528|65535,8331|0,1145|0
walk,5,128,-15878|65535,8354|0,1125|0
walk,5,128,-16371|65535,8323|0,1122|0
walk,5,128,-16393|65535,8349|0,1122|0